26 0.58125 0.47421875 0.0734375 0.0421875
5 0.45859375 0.56640625 0.0953125 0.1375
20 0.39921875 0.57109375 0.0828125 0.1421875
25 0.55234375 0.58125 0.1234375 0.0953125
3 0.63984375 0.6125 0.0546875 0.0671875
13 0.6546875 0.83671875 0.078125 0.1640625
13 0.684375 0.86015625 0.075 0.16875
1 0.5625 0.85390625 0.1390625 0.103125
21 0.3890625 0.88046875 0.115625 0.1234375
18 0.41171875 0.15703125 0.159375 0.165625
20 0.5390625 0.178125 0.0859375 0.1328125
15 0.6234375 0.203125 0.1015625 0.090625
6 0.71640625 0.228125 0.0765625 0.0484375
7 0.69296875 0.43046875 0.11875 0.1578125
10 0.39609375 0.42890625 0.046875 0.115625
19 0.546875 0.43984375 0.08125 0.0796875
22 0.4609375 0.44453125 0.096875 0.0703125
26 0.66015625 0.46640625 0.09375 0.06875