1 0.446875 0.59375 0.1140625 0.1
28 0.66015625 0.60859375 0.1375 0.0984375
22 0.53359375 0.6078125 0.10625 0.0875
15 0.65625 0.86796875 0.1015625 0.1203125
16 0.4734375 0.86328125 0.1015625 0.0765625
25 0.3953125 0.8984375 0.11875 0.128125
18 0.425 0.1828125 0.165625 0.1203125
6 0.63515625 0.221875 0.0765625 0.059375
11 0.703125 0.22734375 0.090625 0.0375
17 0.5515625 0.23125 0.0921875 0.0296875
10 0.4078125 0.415625 0.04375 0.103125
19 0.55859375 0.44140625 0.090625 0.0828125
0 0.64375 0.4578125 0.1046875 0.075
27 0.440625 0.45234375 0.0859375 0.0609375