15 0.409375 0.5796875 0.0984375 0.109375
3 0.5203125 0.60078125 0.05 0.065625
7 0.63984375 0.60625 0.165625 0.10625
5 0.54296875 0.8453125 0.10625 0.08125
0 0.646875 0.86796875 0.11875 0.0984375
16 0.41953125 0.87265625 0.1046875 0.1078125
1 0.515625 0.91015625 0.146875 0.0859375
13 0.66484375 0.17421875 0.0625 0.15625
26 0.43515625 0.21796875 0.140625 0.0546875
23 0.559375 0.2234375 0.090625 0.0421875
19 0.409375 0.4484375 0.0953125 0.078125
22 0.5453125 0.453125 0.14375 0.078125
11 0.665625 0.46796875 0.125 0.05625