26 0.584375 0.478125 0.075 0.0375
25 0.634375 0.59296875 0.1203125 0.0984375
1 0.52578125 0.603125 0.14375 0.1
3 0.39609375 0.59921875 0.05625 0.0671875
15 0.65078125 0.88046875 0.0984375 0.1203125
21 0.5296875 0.88828125 0.0984375 0.1375
16 0.39375 0.8828125 0.1203125 0.11875
18 0.42109375 0.1546875 0.13125 0.175
27 0.52421875 0.21640625 0.0625 0.046875
6 0.7140625 0.2296875 0.0734375 0.0484375
17 0.6296875 0.2359375 0.0921875 0.0296875
7 0.69296875 0.42890625 0.1078125 0.14375
10 0.39609375 0.42890625 0.0453125 0.115625
19 0.55 0.44453125 0.084375 0.0953125
22 0.465625 0.446875 0.10625 0.0671875
26 0.66484375 0.46640625 0.090625 0.071875