5 0.44140625 0.56328125 0.10625 0.1265625
28 0.6734375 0.59375 0.140625 0.0984375
26 0.53828125 0.6109375 0.1515625 0.0796875
6 0.41015625 0.615625 0.065625 0.0625
1 0.70390625 0.86796875 0.1234375 0.1359375
9 0.453125 0.90625 0.1234375 0.08125
3 0.60078125 0.9140625 0.0546875 0.0796875
27 0.54765625 0.209375 0.0625 0.0546875
23 0.659375 0.22265625 0.0875 0.028125
25 0.43125 0.42109375 0.1078125 0.059375
10 0.63359375 0.4265625 0.0453125 0.10625
22 0.53984375 0.440625 0.096875 0.078125
16 0.4484375 0.465625 0.1703125 0.0640625