17 0.634375 0.4703125 0.078125 0.034375
15 0.409375 0.5828125 0.0984375 0.1046875
18 0.521875 0.603125 0.203125 0.096875
6 0.659375 0.6125 0.06875 0.059375
14 0.5453125 0.8515625 0.1234375 0.078125
5 0.553125 0.871875 0.096875 0.1515625
3 0.6390625 0.896875 0.05 0.071875
7 0.4109375 0.9203125 0.1375 0.1203125
20 0.4125 0.1765625 0.071875 0.128125
19 0.6734375 0.2109375 0.0921875 0.06875
1 0.5546875 0.2140625 0.128125 0.0546875
22 0.5390625 0.4421875 0.1078125 0.075
8 0.4328125 0.4640625 0.128125 0.059375