15 0.415625 0.5890625 0.096875 0.0984375
25 0.51875 0.59140625 0.1140625 0.1
27 0.63125 0.596875 0.096875 0.0640625
11 0.65546875 0.86640625 0.040625 0.0375
11 0.71484375 0.87578125 0.0640625 0.08125
22 0.44453125 0.88671875 0.121875 0.0859375
0 0.58359375 0.88671875 0.0671875 0.103125
0 0.678125 0.9015625 0.059375 0.06875
28 0.66875 0.19375 0.1546875 0.084375
23 0.39375 0.22734375 0.0859375 0.034375
17 0.503125 0.228125 0.096875 0.0421875
19 0.41171875 0.4421875 0.090625 0.09375
6 0.6203125 0.44921875 0.0671875 0.0578125
3 0.6921875 0.44921875 0.0546875 0.0671875
16 0.51875 0.46328125 0.103125 0.0703125