12 0.65859375 0.46875 0.1515625 0.05625
20 0.65625 0.5703125 0.0703125 0.1359375
5 0.384375 0.58203125 0.08125 0.1171875
15 0.465625 0.59765625 0.1 0.1
1 0.5828125 0.6109375 0.1296875 0.0828125
3 0.66328125 0.6203125 0.053125 0.0671875
25 0.61640625 0.83203125 0.1015625 0.0984375
10 0.384375 0.83984375 0.0390625 0.0984375
23 0.52265625 0.88828125 0.09375 0.0796875
11 0.63515625 0.90703125 0.1375 0.084375
9 0.415625 0.934375 0.1546875 0.096875
17 0.5890625 0.965625 0.109375 0.065625
13 0.5140625 0.1609375 0.0765625 0.190625
20 0.42109375 0.178125 0.08125 0.1265625
16 0.6296875 0.21796875 0.1078125 0.0640625
21 0.50703125 0.4484375 0.146875 0.0890625
6 0.40234375 0.45625 0.0640625 0.0546875