5 0.43359375 0.56171875 0.1046875 0.1234375
28 0.6671875 0.60625 0.1375 0.096875
26 0.53125 0.61171875 0.1453125 0.078125
6 0.4015625 0.6109375 0.0640625 0.0609375
1 0.6828125 0.88125 0.1140625 0.13125
9 0.42734375 0.903125 0.1234375 0.08125
3 0.58046875 0.915625 0.05625 0.071875
27 0.5609375 0.21171875 0.065625 0.05
23 0.6734375 0.23125 0.0828125 0.0265625
10 0.6296875 0.41796875 0.04375 0.078125
25 0.434375 0.42421875 0.103125 0.0515625
22 0.53984375 0.44609375 0.0984375 0.0671875
21 0.64140625 0.45859375 0.1703125 0.075
16 0.45546875 0.46328125 0.1703125 0.0578125