7 0.596875 0.5515625 0.165625 0.090625
14 0.378125 0.59375 0.1109375 0.0890625
18 0.5921875 0.5859375 0.159375 0.1109375
9 0.4828125 0.59609375 0.128125 0.096875
15 0.37578125 0.87578125 0.0921875 0.109375
23 0.48671875 0.875 0.0984375 0.06875
8 0.63828125 0.87109375 0.1390625 0.1109375
10 0.43984375 0.19453125 0.0421875 0.0984375
19 0.33671875 0.2140625 0.1078125 0.0859375
22 0.509375 0.20859375 0.1171875 0.078125
1 0.59296875 0.20859375 0.096875 0.0703125
28 0.37578125 0.4265625 0.14375 0.084375
25 0.6171875 0.4375 0.13125 0.1
17 0.48828125 0.46015625 0.0921875 0.04375