26 0.578125 0.471875 0.075 0.03125
25 0.55625 0.5765625 0.1203125 0.0890625
1 0.4703125 0.578125 0.109375 0.0796875
3 0.6421875 0.6046875 0.0515625 0.0625
13 0.6703125 0.828125 0.065625 0.1546875
13 0.7015625 0.85 0.065625 0.1640625
16 0.5765625 0.8875 0.1359375 0.096875
21 0.4078125 0.890625 0.1125 0.1203125
18 0.3921875 0.1578125 0.1265625 0.1734375
27 0.50625 0.2140625 0.0578125 0.0484375
6 0.6953125 0.2171875 0.0734375 0.04375
17 0.6109375 0.234375 0.0921875 0.021875
7 0.6890625 0.4203125 0.1046875 0.1359375
10 0.3890625 0.434375 0.040625 0.1140625
19 0.5484375 0.440625 0.0859375 0.08125
22 0.459375 0.446875 0.0984375 0.0671875
26 0.6578125 0.45625 0.0890625 0.0640625