19 0.5859375 0.58125 0.0765625 0.065625
14 0.68125 0.5890625 0.1015625 0.0859375
29 0.465625 0.6109375 0.171875 0.05625
25 0.421875 0.8625 0.1078125 0.1109375
7 0.65 0.8703125 0.1640625 0.1015625
24 0.540625 0.884375 0.0859375 0.08125
2 0.5203125 0.9453125 0.15625 0.046875
18 0.696875 0.1609375 0.1125 0.15625
4 0.6078125 0.21875 0.0734375 0.046875
8 0.453125 0.21875 0.1875 0.04375
20 0.434375 0.4140625 0.0875 0.1375
10 0.5203125 0.4203125 0.04375 0.10625
15 0.6671875 0.428125 0.1203125 0.096875
21 0.559375 0.446875 0.146875 0.0734375