0 0.4359375 0.596875 0.1203125 0.075
24 0.52734375 0.6109375 0.125 0.071875
2 0.6640625 0.61171875 0.0875 0.053125
27 0.4515625 0.8640625 0.09375 0.065625
19 0.58125 0.86171875 0.0890625 0.0875
29 0.69609375 0.896875 0.1421875 0.1140625
20 0.66875 0.1640625 0.0859375 0.1390625
22 0.40546875 0.2125 0.1171875 0.0734375
4 0.54453125 0.21484375 0.1109375 0.0546875
18 0.4234375 0.41640625 0.1390625 0.1453125
15 0.66171875 0.42265625 0.13125 0.1078125
10 0.50703125 0.43046875 0.05 0.1140625
21 0.5671875 0.44296875 0.0984375 0.0859375