15 0.63359375 0.58203125 0.1109375 0.0875
12 0.40859375 0.596875 0.103125 0.0484375
17 0.54296875 0.63046875 0.1140625 0.0609375
22 0.41171875 0.87734375 0.1078125 0.1
28 0.6375 0.8921875 0.1359375 0.11875
27 0.5234375 0.8859375 0.0734375 0.0890625
25 0.66875 0.20546875 0.1015625 0.078125
18 0.58125 0.20703125 0.2 0.090625
3 0.72109375 0.221875 0.0609375 0.065625
23 0.42421875 0.215625 0.1078125 0.046875
19 0.5015625 0.4375 0.096875 0.0796875
14 0.4046875 0.440625 0.084375 0.0890625
7 0.653125 0.4703125 0.190625 0.071875