15 0.503125 0.5875 0.096875 0.0953125
14 0.409375 0.6046875 0.084375 0.1
1 0.59921875 0.615625 0.1203125 0.071875
11 0.6484375 0.86796875 0.034375 0.0359375
11 0.71015625 0.88046875 0.059375 0.078125
0 0.58046875 0.8859375 0.0703125 0.1015625
18 0.45546875 0.89453125 0.18125 0.1546875
0 0.67109375 0.90625 0.0578125 0.0703125
26 0.6 0.2203125 0.10625 0.0453125
23 0.3984375 0.225 0.0828125 0.0421875
17 0.5078125 0.2296875 0.0859375 0.0328125
22 0.43984375 0.44921875 0.1921875 0.084375
8 0.55703125 0.44921875 0.084375 0.0390625
27 0.62109375 0.45390625 0.0671875 0.053125