26 0.396875 0.46171875 0.1234375 0.0671875
15 0.5 0.5859375 0.090625 0.1015625
25 0.6453125 0.6 0.1203125 0.1046875
11 0.62265625 0.87890625 0.0375 0.040625
0 0.5484375 0.884375 0.075 0.10625
22 0.415625 0.87890625 0.1265625 0.0859375
11 0.6796875 0.89453125 0.0625 0.0796875
0 0.640625 0.915625 0.0640625 0.0671875
28 0.690625 0.2109375 0.146875 0.090625
23 0.41484375 0.21875 0.090625 0.04375
17 0.51875 0.23046875 0.0953125 0.0375
19 0.4203125 0.43203125 0.0828125 0.0765625
27 0.51015625 0.45078125 0.0734375 0.0578125
6 0.62421875 0.4578125 0.0734375 0.059375
3 0.69453125 0.46484375 0.0546875 0.0671875