20 0.65546875 0.57421875 0.08125 0.1359375
5 0.38203125 0.575 0.0875 0.1328125
1 0.57890625 0.61171875 0.1359375 0.090625
17 0.459375 0.62109375 0.0890625 0.0484375
13 0.58046875 0.81875 0.071875 0.1625
10 0.36796875 0.8359375 0.0375 0.1
15 0.44765625 0.84765625 0.1296875 0.09375
16 0.3875 0.91171875 0.1125 0.1203125
0 0.559375 0.92578125 0.115625 0.090625
5 0.4046875 0.16953125 0.115625 0.14375
19 0.63984375 0.21484375 0.115625 0.075
20 0.67265625 0.42890625 0.0828125 0.1265625
18 0.53671875 0.4546875 0.20625 0.0921875
3 0.38515625 0.4546875 0.05625 0.065625