15 0.415625 0.590625 0.0984375 0.1
25 0.51875 0.58984375 0.1140625 0.1015625
27 0.63515625 0.59453125 0.0953125 0.0625
11 0.70078125 0.87109375 0.1 0.0828125
22 0.45 0.8890625 0.115625 0.0875
26 0.53125 0.88671875 0.071875 0.0953125
26 0.628125 0.890625 0.0609375 0.08125
28 0.659375 0.19453125 0.1515625 0.0890625
23 0.3875 0.23046875 0.0859375 0.040625
17 0.49375 0.2296875 0.0875 0.0375
19 0.409375 0.446875 0.1046875 0.09375
6 0.61953125 0.446875 0.06875 0.0578125
3 0.68984375 0.44453125 0.053125 0.0671875
16 0.52265625 0.4578125 0.1140625 0.0734375