5 0.43984375 0.56171875 0.103125 0.125
28 0.671875 0.596875 0.1390625 0.096875
26 0.53671875 0.61171875 0.15 0.078125
6 0.40859375 0.6140625 0.065625 0.0625
1 0.696875 0.871875 0.1203125 0.1328125
9 0.44609375 0.90546875 0.121875 0.078125
3 0.59296875 0.915625 0.053125 0.0796875
27 0.553125 0.21015625 0.0625 0.0546875
23 0.6640625 0.225 0.0859375 0.0265625
25 0.4328125 0.41953125 0.1078125 0.0578125
10 0.634375 0.42890625 0.04375 0.1046875
22 0.54140625 0.44140625 0.0953125 0.0765625
16 0.44921875 0.46484375 0.1703125 0.0609375