23 0.64140625 0.471875 0.0765625 0.046875
5 0.43515625 0.56015625 0.1125 0.11875
28 0.66796875 0.6078125 0.134375 0.103125
26 0.52890625 0.61640625 0.146875 0.0796875
1 0.67421875 0.8796875 0.121875 0.121875
9 0.434375 0.90234375 0.13125 0.0859375
3 0.57421875 0.9171875 0.0625 0.075
16 0.43984375 0.20703125 0.1265625 0.078125
27 0.56484375 0.21328125 0.0578125 0.0546875
6 0.646875 0.225 0.0609375 0.0515625
11 0.70625 0.23046875 0.0984375 0.04375
25 0.43515625 0.42109375 0.1140625 0.059375
22 0.54375 0.4453125 0.0953125 0.075
21 0.4375 0.45234375 0.1890625 0.0828125