28 0.66640625 0.6109375 0.140625 0.0984375
22 0.53515625 0.609375 0.1046875 0.0890625
23 0.40859375 0.61875 0.090625 0.0515625
18 0.678125 0.8625 0.1046875 0.221875
14 0.58984375 0.878125 0.09375 0.115625
9 0.41875 0.89609375 0.1359375 0.084375
19 0.42578125 0.196875 0.1140625 0.0921875
27 0.56484375 0.21328125 0.0546875 0.0484375
6 0.6515625 0.22734375 0.0671875 0.0484375
11 0.7078125 0.23203125 0.0890625 0.0453125
10 0.6671875 0.41171875 0.0421875 0.06875
25 0.43359375 0.42421875 0.125 0.075
7 0.6875 0.45625 0.1203125 0.0953125
21 0.43125 0.45546875 0.1859375 0.078125
26 0.58125 0.4625 0.13125 0.0671875