20 0.52578125 0.56875 0.078125 0.1328125
25 0.41953125 0.603125 0.115625 0.1
1 0.62421875 0.60625 0.13125 0.075
15 0.63984375 0.86328125 0.096875 0.13125
14 0.54453125 0.871875 0.0984375 0.115625
0 0.71640625 0.8625 0.090625 0.134375
11 0.428125 0.8859375 0.0953125 0.084375
22 0.4125 0.20546875 0.13125 0.0828125
18 0.634375 0.19375 0.1671875 0.090625
7 0.50859375 0.21328125 0.115625 0.0640625
16 0.6421875 0.440625 0.08125 0.059375
27 0.58046875 0.45234375 0.0984375 0.0625
8 0.428125 0.46484375 0.1265625 0.059375