18 0.47265625 0.56015625 0.1734375 0.1140625
3 0.665625 0.59296875 0.053125 0.0671875
24 0.57109375 0.60078125 0.0953125 0.0671875
26 0.41484375 0.6203125 0.0859375 0.0609375
19 0.61015625 0.87734375 0.0984375 0.0859375
21 0.70390625 0.87421875 0.1171875 0.1296875
0 0.44609375 0.88671875 0.1234375 0.1
13 0.58515625 0.165625 0.0734375 0.15625
25 0.690625 0.19140625 0.13125 0.0953125
28 0.42890625 0.20234375 0.1359375 0.0890625
20 0.425 0.40859375 0.0796875 0.1234375
27 0.66328125 0.44140625 0.0859375 0.0609375
8 0.5375 0.4546875 0.1640625 0.0640625