20 0.66328125 0.5671875 0.0734375 0.134375
5 0.3859375 0.58203125 0.1015625 0.121875
17 0.56484375 0.61484375 0.0859375 0.05
13 0.58828125 0.8109375 0.0640625 0.1484375
10 0.378125 0.84140625 0.0359375 0.103125
12 0.55703125 0.89921875 0.178125 0.078125
16 0.39765625 0.9203125 0.115625 0.121875
5 0.39140625 0.175 0.109375 0.15
25 0.49921875 0.203125 0.1328125 0.078125
0 0.58125 0.2140625 0.065625 0.06875
22 0.6625 0.2171875 0.1203125 0.065625
19 0.42578125 0.44375 0.0875 0.078125
11 0.63046875 0.45859375 0.13125 0.0453125
26 0.52578125 0.45859375 0.134375 0.0640625