21 0.54296875 0.575 0.1921875 0.090625
19 0.43203125 0.60703125 0.11875 0.0828125
15 0.453125 0.8671875 0.1296875 0.103125
29 0.69296875 0.8828125 0.140625 0.115625
24 0.59609375 0.8875 0.096875 0.0890625
5 0.453125 0.1828125 0.0890625 0.1296875
7 0.56328125 0.21015625 0.109375 0.08125
3 0.40078125 0.2171875 0.059375 0.0640625
0 0.68203125 0.2125 0.075 0.0734375
13 0.43984375 0.39921875 0.0625 0.1578125
27 0.66484375 0.43828125 0.0484375 0.05625
4 0.41875 0.4625 0.075 0.0640625
8 0.5328125 0.4640625 0.1265625 0.05625