0 0.4265625 0.58984375 0.11875 0.071875
24 0.51953125 0.61328125 0.121875 0.075
29 0.66484375 0.62421875 0.13125 0.075
7 0.6234375 0.8640625 0.103125 0.1234375
27 0.41796875 0.86953125 0.0890625 0.065625
19 0.54609375 0.8765625 0.084375 0.0796875
20 0.696875 0.18203125 0.0796875 0.140625
22 0.51015625 0.2109375 0.1453125 0.06875
4 0.41171875 0.2125 0.078125 0.0484375
18 0.43125 0.41015625 0.1296875 0.146875
10 0.521875 0.41640625 0.0484375 0.096875
15 0.67265625 0.4375 0.1265625 0.10625
21 0.559375 0.44765625 0.15625 0.0765625