20 0.66015625 0.5625 0.0765625 0.1328125
5 0.384375 0.58359375 0.0828125 0.115625
1 0.5859375 0.6046875 0.134375 0.084375
17 0.46328125 0.62734375 0.0890625 0.0453125
10 0.3921875 0.84375 0.0359375 0.096875
15 0.4703125 0.85078125 0.1265625 0.090625
3 0.634375 0.85703125 0.046875 0.065625
23 0.55078125 0.90234375 0.0953125 0.0828125
11 0.66328125 0.9046875 0.1046875 0.0890625
9 0.43125 0.9375 0.15625 0.09375
5 0.38515625 0.17890625 0.109375 0.14375
16 0.634375 0.21484375 0.1125 0.059375
13 0.3875 0.4109375 0.06875 0.1734375
20 0.65 0.41953125 0.078125 0.128125
7 0.51484375 0.4640625 0.1640625 0.059375