1 0.446875 0.58359375 0.0984375 0.0890625
28 0.6640625 0.6078125 0.134375 0.0921875
22 0.5375 0.60546875 0.10625 0.0875
3 0.38828125 0.61875 0.0515625 0.0671875
16 0.5890625 0.865625 0.0953125 0.0953125
15 0.6703125 0.8703125 0.0921875 0.128125
19 0.4984375 0.8703125 0.0953125 0.1015625
12 0.40546875 0.8953125 0.1015625 0.1015625
27 0.553125 0.21171875 0.0546875 0.05
6 0.64375 0.22109375 0.075 0.053125
11 0.6984375 0.225 0.0875 0.0359375
10 0.6625 0.4078125 0.0390625 0.0640625
25 0.42109375 0.44375 0.134375 0.09375
7 0.68359375 0.4515625 0.1265625 0.0890625
26 0.57578125 0.4609375 0.13125 0.059375