9 0.384375 0.58125 0.0484375 0.1484375
1 0.4359375 0.5875 0.0921875 0.0703125
14 0.684375 0.5953125 0.0921875 0.0921875
18 0.5515625 0.5984375 0.1921875 0.11875
13 0.6140625 0.821875 0.0609375 0.15625
13 0.671875 0.8234375 0.0578125 0.159375
7 0.4328125 0.865625 0.1515625 0.1109375
17 0.54375 0.8765625 0.065625 0.059375
0 0.6609375 0.890625 0.1296875 0.0921875
15 0.6921875 0.1953125 0.084375 0.09375
26 0.596875 0.2203125 0.1203125 0.0453125
23 0.4015625 0.221875 0.0828125 0.040625
28 0.4421875 0.45 0.1890625 0.078125
27 0.621875 0.45625 0.0703125 0.053125