15 0.503125 0.5875 0.0921875 0.0953125
25 0.65 0.5921875 0.115625 0.0921875
14 0.403125 0.60625 0.1015625 0.090625
11 0.6421875 0.871875 0.0375 0.034375
11 0.7 0.8828125 0.0546875 0.078125
0 0.56875 0.8890625 0.065625 0.1
18 0.4515625 0.896875 0.1828125 0.146875
0 0.6625 0.90625 0.0609375 0.06875
28 0.6765625 0.2015625 0.146875 0.0765625
23 0.4015625 0.225 0.0875 0.034375
17 0.5078125 0.2296875 0.0859375 0.028125
19 0.41875 0.4296875 0.0765625 0.0578125
27 0.509375 0.4515625 0.0734375 0.05625
6 0.621875 0.453125 0.0671875 0.05625
3 0.6921875 0.4546875 0.0515625 0.059375
26 0.4 0.4640625 0.1203125 0.065625