25 0.6328125 0.59296875 0.121875 0.0984375
1 0.52578125 0.6 0.1421875 0.1015625
3 0.39453125 0.59921875 0.053125 0.065625
15 0.64921875 0.88046875 0.0953125 0.1203125
16 0.3953125 0.88125 0.1078125 0.1
21 0.5265625 0.890625 0.10625 0.134375
27 0.48515625 0.21171875 0.1 0.0578125
6 0.71171875 0.228125 0.075 0.0484375
17 0.621875 0.2390625 0.0921875 0.0265625
7 0.69296875 0.43203125 0.103125 0.1375
10 0.39453125 0.42734375 0.0453125 0.115625
19 0.6046875 0.44921875 0.1015625 0.096875
22 0.4671875 0.4453125 0.109375 0.065625