5 0.4390625 0.5578125 0.1078125 0.1265625
19 0.40703125 0.6046875 0.09375 0.0953125
28 0.67265625 0.59453125 0.1359375 0.103125
26 0.53828125 0.6109375 0.1484375 0.08125
1 0.71015625 0.86328125 0.1140625 0.1328125
9 0.45859375 0.90390625 0.1203125 0.0890625
3 0.609375 0.91171875 0.0578125 0.08125
25 0.4046875 0.2015625 0.1359375 0.0984375
27 0.54453125 0.20859375 0.075 0.053125
17 0.66953125 0.21875 0.090625 0.028125
22 0.5328125 0.44375 0.1046875 0.0796875
6 0.6078125 0.44296875 0.0703125 0.053125
11 0.63203125 0.45078125 0.1796875 0.06875
12 0.415625 0.465625 0.1234375 0.0640625