25 0.640625 0.58125 0.1203125 0.096875
1 0.534375 0.59765625 0.140625 0.0984375
3 0.40390625 0.6078125 0.0515625 0.0640625
15 0.68125 0.865625 0.09375 0.11875
16 0.42890625 0.88828125 0.10625 0.0984375
21 0.56015625 0.8875 0.1046875 0.1328125
27 0.46015625 0.2140625 0.0984375 0.05625
6 0.68671875 0.21015625 0.075 0.0484375
17 0.5984375 0.22890625 0.090625 0.025
7 0.6859375 0.415625 0.1015625 0.1359375
10 0.38828125 0.43671875 0.04375 0.115625
19 0.59921875 0.440625 0.1 0.0953125
22 0.4625 0.4484375 0.1078125 0.0625