1 0.4546875 0.5875 0.1015625 0.1078125
28 0.66328125 0.60859375 0.1375 0.0984375
22 0.53515625 0.6046875 0.0984375 0.0921875
3 0.39140625 0.61171875 0.0578125 0.071875
15 0.6546875 0.86953125 0.1015625 0.1203125
16 0.446875 0.8640625 0.15625 0.0671875
19 0.39921875 0.91875 0.1109375 0.109375
9 0.54375 0.95 0.146875 0.09375
27 0.55859375 0.2140625 0.05625 0.0546875
6 0.6484375 0.2234375 0.078125 0.0546875
11 0.7046875 0.22890625 0.0875 0.04375
10 0.6640625 0.41328125 0.0375 0.0671875
20 0.5359375 0.415625 0.075 0.1390625
7 0.6796875 0.45625 0.146875 0.0953125
25 0.4453125 0.4484375 0.128125 0.0953125
21 0.571875 0.46640625 0.0578125 0.0578125