28 0.6515625 0.58125 0.146875 0.103125
25 0.428125 0.59453125 0.1140625 0.0984375
16 0.52578125 0.596875 0.115625 0.0796875
13 0.578125 0.82109375 0.078125 0.1671875
5 0.44375 0.865625 0.103125 0.15
0 0.675 0.85859375 0.115625 0.1015625
13 0.63515625 0.153125 0.0671875 0.14375
20 0.3796875 0.18046875 0.075 0.13125
1 0.64609375 0.2078125 0.1421875 0.065625
26 0.48671875 0.21875 0.15 0.0609375
21 0.6890625 0.43828125 0.078125 0.0796875
21 0.6203125 0.44375 0.0546875 0.05
27 0.40859375 0.45625 0.0609375 0.065625
9 0.5390625 0.46171875 0.165625 0.0453125