5 0.43515625 0.55703125 0.103125 0.1328125
19 0.40625 0.6 0.0984375 0.0921875
28 0.6703125 0.6046875 0.128125 0.0953125
26 0.534375 0.61015625 0.1515625 0.075
1 0.6921875 0.871875 0.1171875 0.125
9 0.44296875 0.90546875 0.1375 0.0875
3 0.59296875 0.9125 0.05625 0.0734375
10 0.59609375 0.1859375 0.05 0.1171875
25 0.41796875 0.2 0.1296875 0.0953125
27 0.553125 0.21015625 0.071875 0.0546875
23 0.6625 0.221875 0.0875 0.0265625
22 0.53359375 0.44296875 0.103125 0.0734375
12 0.41484375 0.4625 0.1328125 0.059375
21 0.63984375 0.46015625 0.1734375 0.075