23 0.5796875 0.4703125 0.096875 0.0453125
5 0.440625 0.5640625 0.0984375 0.1359375
28 0.6671875 0.6015625 0.134375 0.090625
14 0.40625 0.6078125 0.090625 0.1
26 0.5359375 0.6125 0.146875 0.075
1 0.6875 0.875 0.1109375 0.121875
9 0.4453125 0.90625 0.1234375 0.090625
3 0.5875 0.9125 0.059375 0.0734375
19 0.4046875 0.2046875 0.103125 0.0859375
27 0.5578125 0.2125 0.065625 0.0484375
17 0.684375 0.225 0.078125 0.028125
6 0.6109375 0.4390625 0.0625 0.034375
22 0.5390625 0.4421875 0.103125 0.075
25 0.4203125 0.44375 0.1015625 0.0921875
11 0.65625 0.4546875 0.1296875 0.0390625