26 0.58359375 0.4734375 0.084375 0.0359375
5 0.45390625 0.53828125 0.09375 0.0640625
25 0.5515625 0.56796875 0.103125 0.0640625
3 0.6765625 0.5828125 0.05 0.0359375
28 0.5953125 0.60625 0.165625 0.09375
14 0.44375 0.60546875 0.153125 0.09375
6 0.71015625 0.62734375 0.0765625 0.0609375
13 0.66171875 0.828125 0.065625 0.1484375
16 0.4265625 0.846875 0.090625 0.0875
13 0.6953125 0.853125 0.0734375 0.1734375
9 0.528125 0.85390625 0.09375 0.059375
20 0.60625 0.8671875 0.075 0.1375
1 0.67421875 0.9203125 0.1296875 0.121875
8 0.50859375 0.921875 0.1109375 0.1375
11 0.3984375 0.9296875 0.1 0.0921875
18 0.3984375 0.15625 0.11875 0.1796875
20 0.68671875 0.178125 0.0640625 0.1265625
15 0.61640625 0.18046875 0.0734375 0.046875
10 0.72421875 0.18984375 0.0453125 0.1109375
21 0.61171875 0.20625 0.1734375 0.071875
22 0.490625 0.2171875 0.0984375 0.0546875
7 0.69375 0.4171875 0.10625 0.1484375
19 0.54609375 0.43515625 0.0890625 0.0734375
0 0.43671875 0.43984375 0.1125 0.0609375
27 0.44609375 0.45234375 0.09375 0.0625
26 0.66328125 0.4625 0.0828125 0.065625