27 0.5203125 0.59609375 0.096875 0.065625
4 0.6578125 0.590625 0.0859375 0.0609375
13 0.42265625 0.60390625 0.06875 0.0953125
18 0.4734375 0.803125 0.153125 0.1515625
17 0.6796875 0.84921875 0.0875 0.0703125
12 0.571875 0.8828125 0.1484375 0.1125
16 0.43359375 0.89765625 0.0921875 0.090625
25 0.409375 0.203125 0.1265625 0.096875
22 0.565625 0.20546875 0.1140625 0.075
23 0.68046875 0.20859375 0.1078125 0.0546875
26 0.43125 0.23125 0.1609375 0.0359375
20 0.5796875 0.44140625 0.14375 0.0859375
11 0.67890625 0.446875 0.121875 0.0640625
8 0.4515625 0.46484375 0.13125 0.0578125