19 0.41796875 0.57265625 0.0953125 0.084375
28 0.66171875 0.61171875 0.128125 0.0984375
26 0.5234375 0.615625 0.1546875 0.0796875
8 0.63046875 0.90859375 0.1296875 0.109375
9 0.41328125 0.90390625 0.11875 0.0828125
27 0.57109375 0.2140625 0.05625 0.0515625
16 0.44296875 0.2109375 0.1140625 0.0609375
6 0.65703125 0.225 0.0703125 0.0578125
11 0.7140625 0.23125 0.096875 0.046875
25 0.4375 0.4140625 0.109375 0.0609375
10 0.66796875 0.43671875 0.0453125 0.11875
22 0.546875 0.44609375 0.0953125 0.0796875
21 0.44140625 0.45625 0.1859375 0.084375