0 0.5640625 0.59609375 0.134375 0.090625
29 0.68125 0.6046875 0.1453125 0.0765625
8 0.4375 0.60859375 0.1265625 0.071875
12 0.59296875 0.884375 0.140625 0.10625
7 0.44453125 0.88828125 0.140625 0.1234375
2 0.69609375 0.8953125 0.0890625 0.0859375
10 0.70546875 0.18515625 0.0453125 0.103125
19 0.41796875 0.2078125 0.1078125 0.0671875
3 0.6484375 0.21171875 0.0578125 0.059375
27 0.54375 0.21796875 0.0671875 0.0515625
28 0.68984375 0.4375 0.13125 0.0921875
24 0.55859375 0.44765625 0.11875 0.0578125
4 0.44765625 0.45703125 0.1078125 0.05