1 0.45 0.5875 0.1171875 0.1
28 0.66484375 0.61015625 0.1359375 0.1
22 0.53359375 0.60625 0.10625 0.0890625
3 0.3921875 0.62109375 0.0640625 0.0796875
15 0.665625 0.8609375 0.084375 0.1140625
19 0.49453125 0.8734375 0.0875 0.096875
16 0.58359375 0.878125 0.0890625 0.1
12 0.40234375 0.8890625 0.0875 0.071875
27 0.55859375 0.2125 0.0546875 0.046875
6 0.64765625 0.2203125 0.0765625 0.05
11 0.709375 0.23046875 0.0765625 0.0359375
25 0.43125 0.40703125 0.128125 0.046875
10 0.6640625 0.42109375 0.040625 0.0859375
7 0.6921875 0.46171875 0.1140625 0.103125
26 0.5796875 0.459375 0.1265625 0.0640625
21 0.434375 0.45703125 0.1765625 0.0828125