23 0.47578125 0.46796875 0.0875 0.0421875
26 0.57734375 0.4734375 0.0734375 0.0328125
5 0.46015625 0.54453125 0.096875 0.1015625
25 0.55625 0.57265625 0.1140625 0.08125
3 0.671875 0.5921875 0.059375 0.065625
28 0.459375 0.60703125 0.19375 0.1046875
8 0.63828125 0.62109375 0.1578125 0.0546875
13 0.66328125 0.828125 0.059375 0.1484375
16 0.428125 0.8421875 0.1 0.0671875
13 0.696875 0.8546875 0.071875 0.171875
21 0.525 0.85390625 0.090625 0.0734375
20 0.60625 0.865625 0.0734375 0.1390625
9 0.41640625 0.909375 0.13125 0.0875
1 0.67421875 0.9234375 0.1328125 0.125
12 0.5140625 0.9296875 0.0796875 0.0796875
11 0.40078125 0.9703125 0.0375 0.034375
18 0.403125 0.1515625 0.125 0.1859375
20 0.68984375 0.1828125 0.0671875 0.140625
10 0.72578125 0.19140625 0.0421875 0.125
15 0.61484375 0.19609375 0.090625 0.0859375
22 0.4984375 0.2125 0.125 0.065625
7 0.690625 0.425 0.1125 0.153125
19 0.54296875 0.43359375 0.0765625 0.071875
0 0.43671875 0.43984375 0.1125 0.0671875
26 0.66171875 0.4625 0.09375 0.065625
6 0.39296875 0.4609375 0.065625 0.05625