7 0.59453125 0.5546875 0.1625 0.0859375
14 0.375 0.58984375 0.1078125 0.0859375
18 0.5890625 0.5890625 0.15625 0.10625
9 0.4796875 0.5953125 0.125 0.0921875
15 0.3625 0.87109375 0.0890625 0.10625
23 0.4734375 0.87421875 0.096875 0.065625
8 0.625 0.87578125 0.1359375 0.10625
10 0.45078125 0.19296875 0.0390625 0.096875
19 0.34609375 0.20859375 0.1046875 0.0828125
22 0.5203125 0.20859375 0.115625 0.0734375
1 0.603125 0.2125 0.0953125 0.0671875
28 0.378125 0.42265625 0.1421875 0.0796875
25 0.61953125 0.44140625 0.128125 0.0953125
17 0.48984375 0.459375 0.090625 0.040625