26 0.58359375 0.4703125 0.0703125 0.0390625
25 0.58515625 0.5515625 0.1046875 0.0484375
19 0.4328125 0.5734375 0.0859375 0.0609375
3 0.6796875 0.584375 0.0515625 0.059375
14 0.6015625 0.5953125 0.1421875 0.0953125
6 0.71484375 0.62109375 0.0828125 0.0609375
17 0.44765625 0.63046875 0.1 0.034375
13 0.62734375 0.82265625 0.065625 0.16875
23 0.52421875 0.8328125 0.071875 0.059375
20 0.690625 0.834375 0.0671875 0.1234375
16 0.440625 0.85078125 0.1109375 0.0953125
1 0.55 0.87578125 0.128125 0.0921875
11 0.4125 0.93125 0.09375 0.0828125
12 0.675 0.9296875 0.1046875 0.075
9 0.5328125 0.94609375 0.13125 0.071875
18 0.384375 0.16015625 0.1234375 0.1765625
20 0.68359375 0.1734375 0.06875 0.125
15 0.60390625 0.178125 0.0765625 0.05
10 0.71171875 0.18359375 0.0484375 0.1140625
21 0.59921875 0.2078125 0.175 0.08125
22 0.48125 0.2140625 0.1046875 0.053125
5 0.5078125 0.4140625 0.090625 0.1328125
7 0.68125 0.4171875 0.115625 0.1375
5 0.5953125 0.421875 0.1015625 0.1015625
0 0.42890625 0.4453125 0.1078125 0.0546875
27 0.44609375 0.45546875 0.0953125 0.0609375
26 0.66171875 0.45625 0.0875 0.071875