27 0.5171875 0.596875 0.0953125 0.0625
4 0.6546875 0.59609375 0.084375 0.0578125
13 0.41875 0.6015625 0.065625 0.09375
18 0.46328125 0.80234375 0.1484375 0.146875
17 0.6671875 0.8546875 0.0859375 0.0671875
12 0.55859375 0.88515625 0.1453125 0.1078125
16 0.41953125 0.8953125 0.0890625 0.0875
25 0.41953125 0.2 0.1234375 0.0921875
22 0.57578125 0.2078125 0.1125 0.0703125
23 0.690625 0.215625 0.10625 0.0515625
26 0.440625 0.22890625 0.159375 0.03125
20 0.58203125 0.44375 0.1421875 0.08125
11 0.68046875 0.453125 0.1203125 0.059375
8 0.45234375 0.46328125 0.1296875 0.053125