20 0.65546875 0.57265625 0.0765625 0.1359375
5 0.38515625 0.5765625 0.0828125 0.128125
15 0.46484375 0.5984375 0.1015625 0.109375
3 0.659375 0.62578125 0.0546875 0.0671875
25 0.60625 0.8359375 0.1046875 0.103125
10 0.37265625 0.8359375 0.0421875 0.1
1 0.51796875 0.878125 0.1203125 0.1015625
11 0.6265625 0.91796875 0.1296875 0.075
9 0.40078125 0.9328125 0.1578125 0.1
13 0.53046875 0.16015625 0.08125 0.178125
20 0.4328125 0.17578125 0.0890625 0.1296875
23 0.66875 0.23046875 0.1 0.04375
21 0.50703125 0.45 0.146875 0.0890625
16 0.65390625 0.4625 0.1171875 0.084375
6 0.40390625 0.45234375 0.0640625 0.05625