26 0.578125 0.471875 0.0734375 0.034375
5 0.45625 0.5578125 0.0796875 0.1109375
25 0.55625 0.5671875 0.1140625 0.06875
3 0.678125 0.590625 0.05 0.0609375
28 0.6 0.6015625 0.178125 0.096875
14 0.440625 0.6078125 0.1375 0.0859375
13 0.6734375 0.8296875 0.0625 0.165625
16 0.4296875 0.8515625 0.103125 0.084375
13 0.7046875 0.85625 0.0703125 0.18125
20 0.6109375 0.8640625 0.0859375 0.13125
8 0.5171875 0.9140625 0.13125 0.11875
11 0.40625 0.925 0.09375 0.08125
1 0.68125 0.9265625 0.1359375 0.10625
18 0.390625 0.1578125 0.1125 0.1828125
20 0.6859375 0.175 0.065625 0.1171875
15 0.6109375 0.1796875 0.0734375 0.05
10 0.7171875 0.184375 0.04375 0.115625
21 0.6078125 0.209375 0.1703125 0.078125
22 0.484375 0.2140625 0.09375 0.05
7 0.6828125 0.4171875 0.1078125 0.1453125
19 0.5453125 0.434375 0.0796875 0.06875
0 0.434375 0.446875 0.1203125 0.0625
26 0.6625 0.4578125 0.0921875 0.0671875
6 0.3875 0.459375 0.0703125 0.059375
23 0.475 0.4640625 0.090625 0.04375