15 0.4125 0.5875 0.0953125 0.096875
25 0.515625 0.590625 0.1109375 0.096875
27 0.63125 0.59921875 0.09375 0.059375
11 0.6875 0.878125 0.096875 0.0796875
22 0.43671875 0.88671875 0.1125 0.0828125
26 0.51796875 0.8875 0.06875 0.09375
26 0.61484375 0.8953125 0.0578125 0.0796875
28 0.66953125 0.2 0.1484375 0.084375
23 0.396875 0.2265625 0.084375 0.0375
17 0.503125 0.2296875 0.0859375 0.034375
19 0.41171875 0.44375 0.1015625 0.090625
6 0.62109375 0.45078125 0.0671875 0.05625
3 0.69140625 0.4515625 0.0515625 0.065625
16 0.52421875 0.45859375 0.1125 0.06875