5 0.4375 0.55703125 0.10625 0.125
19 0.40546875 0.603125 0.0921875 0.09375
28 0.6703125 0.596875 0.134375 0.1015625
26 0.53671875 0.6109375 0.1484375 0.078125
1 0.70390625 0.86640625 0.1125 0.1296875
9 0.4515625 0.903125 0.11875 0.0875
3 0.60234375 0.9140625 0.05625 0.0796875
25 0.41015625 0.2 0.134375 0.096875
27 0.54921875 0.209375 0.0734375 0.053125
17 0.675 0.221875 0.0890625 0.0265625
22 0.534375 0.44375 0.1046875 0.078125
6 0.609375 0.44453125 0.06875 0.0515625
11 0.6328125 0.453125 0.178125 0.065625
12 0.415625 0.4640625 0.121875 0.0625