17 0.39140625 0.465625 0.0921875 0.034375
20 0.65625 0.5703125 0.0734375 0.13125
14 0.4640625 0.58828125 0.0984375 0.09375
5 0.3921875 0.5875 0.0765625 0.134375
22 0.5671875 0.609375 0.1109375 0.0953125
25 0.61796875 0.83046875 0.1015625 0.0984375
12 0.41171875 0.8859375 0.125 0.096875
18 0.52109375 0.89296875 0.1796875 0.1421875
26 0.65859375 0.9 0.14375 0.1125
20 0.56328125 0.18359375 0.075 0.121875
28 0.66328125 0.2 0.146875 0.084375
19 0.41484375 0.2046875 0.1078125 0.0828125
3 0.43046875 0.4453125 0.05 0.0625
16 0.65546875 0.45078125 0.103125 0.0640625
21 0.51015625 0.45 0.1390625 0.06875