16 0.503125 0.5890625 0.1640625 0.0671875
3 0.39609375 0.60078125 0.0515625 0.0640625
26 0.65546875 0.62421875 0.1546875 0.0671875
13 0.5671875 0.81953125 0.0625 0.153125
13 0.57421875 0.846875 0.06875 0.1609375
19 0.4765625 0.86640625 0.1078125 0.0984375
11 0.38828125 0.87734375 0.08125 0.0828125
20 0.43046875 0.17265625 0.0734375 0.1328125
5 0.7046875 0.19453125 0.078125 0.1140625
22 0.53203125 0.21484375 0.1171875 0.0640625
18 0.4421875 0.44296875 0.1859375 0.090625
12 0.6265625 0.465625 0.1296875 0.0546875