5 0.43984375 0.55703125 0.10625 0.109375
28 0.66875 0.6 0.13125 0.09375
14 0.4125 0.6046875 0.1109375 0.09375
26 0.5328125 0.60859375 0.15 0.0796875
1 0.690625 0.8734375 0.109375 0.1234375
9 0.44453125 0.90546875 0.1234375 0.0859375
3 0.59296875 0.9140625 0.0546875 0.0765625
19 0.39921875 0.2015625 0.0953125 0.0796875
27 0.553125 0.21015625 0.06875 0.0546875
17 0.68125 0.2265625 0.078125 0.0328125
5 0.42265625 0.4359375 0.1015625 0.1125
10 0.675 0.43125 0.05625 0.11875
6 0.61015625 0.4359375 0.065625 0.0296875
22 0.53203125 0.44140625 0.1046875 0.08125
11 0.65390625 0.45390625 0.1390625 0.0484375