26 0.57734375 0.4703125 0.0703125 0.0359375
5 0.4515625 0.56953125 0.096875 0.125
25 0.5515625 0.57265625 0.0984375 0.090625
3 0.678125 0.584375 0.0453125 0.0609375
14 0.6 0.5953125 0.140625 0.0890625
17 0.43828125 0.62265625 0.1125 0.03125
6 0.71328125 0.61953125 0.0765625 0.059375
13 0.67734375 0.8234375 0.0640625 0.159375
23 0.53828125 0.82890625 0.0703125 0.0578125
16 0.440625 0.84921875 0.096875 0.0859375
13 0.7078125 0.84765625 0.0671875 0.171875
20 0.61875 0.85859375 0.0734375 0.1390625
8 0.52265625 0.90625 0.1125 0.08125
1 0.68828125 0.915625 0.1390625 0.1203125
11 0.41484375 0.925 0.0953125 0.0796875
18 0.3875 0.159375 0.1109375 0.1703125
20 0.68046875 0.1734375 0.0671875 0.1265625
15 0.60546875 0.178125 0.0703125 0.0453125
10 0.71328125 0.18203125 0.0453125 0.1109375
21 0.60234375 0.20625 0.1640625 0.0828125
22 0.484375 0.2171875 0.103125 0.053125
7 0.6828125 0.4125 0.1046875 0.1421875
0 0.43359375 0.43828125 0.1109375 0.0578125
19 0.54296875 0.43671875 0.0875 0.0734375
27 0.44609375 0.45546875 0.1 0.059375
26 0.66015625 0.4546875 0.090625 0.0640625