7 0.65234375 0.47265625 0.2046875 0.0671875
15 0.63515625 0.5796875 0.096875 0.0859375
12 0.41171875 0.60625 0.090625 0.0515625
17 0.5453125 0.6296875 0.1125 0.0578125
22 0.42109375 0.88203125 0.1046875 0.103125
28 0.65078125 0.89140625 0.134375 0.1203125
27 0.53359375 0.8875 0.06875 0.0828125
25 0.68046875 0.2109375 0.1171875 0.071875
18 0.58046875 0.20703125 0.20625 0.075
23 0.4234375 0.21875 0.0984375 0.0484375
19 0.50546875 0.4421875 0.1046875 0.084375
14 0.4078125 0.44375 0.1140625 0.0859375