2 0.44453125 0.4796875 0.1578125 0.040625
21 0.6796875 0.584375 0.11875 0.096875
14 0.57109375 0.59609375 0.103125 0.0796875
27 0.45859375 0.60703125 0.0921875 0.0625
19 0.5421875 0.8515625 0.096875 0.1
7 0.66953125 0.86171875 0.165625 0.1078125
24 0.45078125 0.8765625 0.09375 0.0921875
5 0.68359375 0.17890625 0.1203125 0.115625
17 0.5859375 0.225 0.1203125 0.03125
10 0.6609375 0.41171875 0.04375 0.10625
16 0.4703125 0.440625 0.125 0.0734375
3 0.55390625 0.446875 0.0546875 0.0734375
18 0.63671875 0.44765625 0.2015625 0.0796875