28 0.4515625 0.58671875 0.13125 0.084375
29 0.68359375 0.615625 0.1125 0.0546875
7 0.57890625 0.8390625 0.1265625 0.1125
5 0.4828125 0.86171875 0.0921875 0.13125
24 0.40625 0.878125 0.0984375 0.090625
11 0.65859375 0.91328125 0.0625 0.078125
11 0.55 0.9125 0.0453125 0.0453125
16 0.53828125 0.2125 0.13125 0.0640625
4 0.43359375 0.21015625 0.0765625 0.0484375
17 0.70625 0.23671875 0.1171875 0.0390625
13 0.66171875 0.40546875 0.075 0.1515625
15 0.696875 0.44765625 0.10625 0.0984375
22 0.565625 0.446875 0.1046875 0.0703125
8 0.45390625 0.45234375 0.1328125 0.0546875