25 0.5796875 0.58671875 0.1140625 0.096875
22 0.6765625 0.5859375 0.09375 0.065625
28 0.4578125 0.596875 0.125 0.103125
20 0.71328125 0.82109375 0.0671875 0.1390625
5 0.42421875 0.8484375 0.0671875 0.11875
7 0.528125 0.86484375 0.140625 0.0953125
26 0.65078125 0.871875 0.084375 0.103125
16 0.68046875 0.2078125 0.096875 0.05625
17 0.5828125 0.2234375 0.103125 0.034375
13 0.46953125 0.39765625 0.0578125 0.1515625
15 0.69453125 0.43046875 0.109375 0.103125
4 0.4421875 0.45546875 0.0703125 0.053125
24 0.546875 0.453125 0.0984375 0.0640625