5 0.52890625 0.5703125 0.0953125 0.1421875
23 0.625 0.5859375 0.103125 0.0625
25 0.41953125 0.603125 0.1203125 0.103125
0 0.70234375 0.84296875 0.0625 0.075
15 0.6203125 0.85390625 0.1015625 0.128125
1 0.53046875 0.87890625 0.134375 0.1140625
11 0.43125 0.88359375 0.10625 0.084375
18 0.634375 0.196875 0.175 0.0921875
22 0.4109375 0.20859375 0.1453125 0.09375
7 0.51328125 0.21640625 0.1109375 0.0625
16 0.634375 0.43984375 0.090625 0.0703125
27 0.58046875 0.45234375 0.1140625 0.0765625
8 0.4296875 0.46796875 0.128125 0.0609375