9 0.52578125 0.46796875 0.1453125 0.0359375
28 0.6515625 0.58359375 0.1390625 0.0921875
27 0.41875 0.603125 0.078125 0.06875
16 0.534375 0.60234375 0.1078125 0.08125
13 0.56953125 0.82578125 0.0734375 0.1703125
5 0.43125 0.8609375 0.096875 0.15625
0 0.659375 0.86015625 0.121875 0.0921875
1 0.53671875 0.90859375 0.1515625 0.0796875
13 0.64921875 0.16640625 0.0640625 0.1546875
20 0.39140625 0.1765625 0.0671875 0.1296875
26 0.49375 0.2203125 0.1453125 0.05625
21 0.69140625 0.446875 0.08125 0.0765625
19 0.40546875 0.4515625 0.09375 0.0828125
21 0.62265625 0.44921875 0.053125 0.0515625