25 0.55546875 0.57734375 0.11875 0.0984375
9 0.37890625 0.57265625 0.04375 0.146875
1 0.453125 0.5828125 0.1234375 0.0734375
14 0.66953125 0.6046875 0.1109375 0.0984375
23 0.4484375 0.6234375 0.0890625 0.0578125
13 0.6015625 0.82265625 0.0703125 0.15625
13 0.665625 0.8265625 0.0640625 0.159375
7 0.4234375 0.86484375 0.1328125 0.1125
17 0.53046875 0.8734375 0.075 0.06875
0 0.646875 0.89609375 0.1328125 0.0890625
15 0.70234375 0.20234375 0.0953125 0.0921875
26 0.6140625 0.22265625 0.1109375 0.0546875
28 0.446875 0.45 0.1859375 0.09375
27 0.6265625 0.4609375 0.071875 0.0609375