28 0.646875 0.59453125 0.1453125 0.1
16 0.52109375 0.60546875 0.1078125 0.0734375
17 0.42578125 0.60703125 0.078125 0.0578125
13 0.596875 0.82109375 0.06875 0.1625
3 0.390625 0.86484375 0.046875 0.06875
20 0.54140625 0.8765625 0.0765625 0.15
10 0.40390625 0.8875 0.040625 0.109375
20 0.4484375 0.17578125 0.075 0.1328125
27 0.65703125 0.21484375 0.0578125 0.040625
21 0.6265625 0.4515625 0.0453125 0.0453125
21 0.696875 0.45546875 0.0796875 0.0796875
19 0.4296875 0.44921875 0.0984375 0.08125
7 0.55625 0.4609375 0.1671875 0.06875