17 0.41484375 0.46875 0.09375 0.0390625
15 0.4078125 0.58125 0.1015625 0.109375
6 0.65703125 0.6171875 0.0734375 0.0640625
8 0.52890625 0.61796875 0.1265625 0.0703125
14 0.5421875 0.85859375 0.134375 0.0875
5 0.5453125 0.87734375 0.1109375 0.15625
3 0.63046875 0.89921875 0.05 0.0734375
7 0.40390625 0.91875 0.1359375 0.1234375
20 0.41953125 0.175 0.071875 0.1265625
19 0.678125 0.2125 0.090625 0.06875
1 0.559375 0.21328125 0.125 0.05625
13 0.5484375 0.40390625 0.065625 0.1640625
23 0.67421875 0.4625 0.103125 0.05