2 0.44453125 0.47734375 0.15625 0.0359375
21 0.6765625 0.590625 0.115625 0.0921875
14 0.5671875 0.59921875 0.1015625 0.0765625
27 0.4546875 0.60546875 0.090625 0.059375
19 0.5296875 0.85234375 0.09375 0.096875
7 0.65625 0.86796875 0.1625 0.103125
24 0.4375 0.87421875 0.090625 0.0890625
5 0.69453125 0.1859375 0.115625 0.1109375
17 0.5953125 0.228125 0.11875 0.0265625
10 0.6640625 0.4171875 0.040625 0.1046875
16 0.47265625 0.43984375 0.1234375 0.06875
3 0.55546875 0.44921875 0.053125 0.071875
18 0.63828125 0.45234375 0.2 0.071875