19 0.5828125 0.584375 0.078125 0.06875
14 0.678125 0.5953125 0.1046875 0.0890625
29 0.46171875 0.609375 0.1734375 0.0625
25 0.409375 0.859375 0.1109375 0.1140625
7 0.63671875 0.875 0.1671875 0.1078125
24 0.52734375 0.8859375 0.0890625 0.084375
2 0.5046875 0.94609375 0.1578125 0.0515625
18 0.70859375 0.16796875 0.1171875 0.159375
4 0.6171875 0.22265625 0.075 0.05
8 0.46328125 0.2171875 0.1890625 0.05
20 0.4375 0.41171875 0.0921875 0.140625
10 0.5234375 0.42109375 0.046875 0.1078125
15 0.66953125 0.434375 0.1234375 0.1015625
21 0.5609375 0.44921875 0.15 0.078125