25 0.578125 0.55625 0.103125 0.0546875
19 0.43359375 0.57421875 0.0921875 0.0609375
20 0.6875 0.5875 0.08125 0.1390625
14 0.5890625 0.6 0.1328125 0.1015625
23 0.4484375 0.625 0.1 0.0578125
13 0.6015625 0.82265625 0.0625 0.159375
13 0.6578125 0.82578125 0.0640625 0.165625
7 0.4203125 0.85546875 0.125 0.1140625
17 0.525 0.86171875 0.075 0.0484375
28 0.66328125 0.934375 0.140625 0.1296875
16 0.51640625 0.93203125 0.109375 0.109375
1 0.3953125 0.9390625 0.128125 0.0953125
18 0.42578125 0.171875 0.178125 0.140625
15 0.70234375 0.20390625 0.0921875 0.090625
22 0.61015625 0.21796875 0.103125 0.0640625
26 0.48828125 0.21484375 0.140625 0.05625
0 0.4359375 0.44453125 0.11875 0.075
27 0.646875 0.46015625 0.1 0.0609375
6 0.5671875 0.46328125 0.0671875 0.0578125