20 0.53046875 0.56171875 0.075 0.134375
29 0.43671875 0.60703125 0.1203125 0.0671875
2 0.66328125 0.60078125 0.0828125 0.053125
20 0.44296875 0.84609375 0.0734375 0.1359375
22 0.6421875 0.85625 0.1265625 0.0796875
19 0.54375 0.8671875 0.0859375 0.09375
0 0.43203125 0.21171875 0.1359375 0.0703125
7 0.56015625 0.21640625 0.1453125 0.0484375
11 0.67421875 0.215625 0.090625 0.0453125
24 0.546875 0.4515625 0.103125 0.059375
26 0.653125 0.45234375 0.1015625 0.0578125
8 0.428125 0.46171875 0.1203125 0.05625