2 0.44296875 0.47890625 0.1609375 0.0359375
21 0.678125 0.5875 0.1234375 0.0984375
14 0.565625 0.59453125 0.0953125 0.078125
27 0.45234375 0.60625 0.0890625 0.0609375
7 0.6921875 0.8484375 0.103125 0.15
19 0.5421875 0.8578125 0.10625 0.0953125
24 0.45078125 0.87265625 0.0875 0.0875
5 0.684375 0.184375 0.109375 0.10625
17 0.584375 0.2265625 0.11875 0.03125
10 0.659375 0.41328125 0.04375 0.1015625
16 0.46796875 0.43828125 0.1234375 0.0703125
3 0.5515625 0.446875 0.0546875 0.075
18 0.63125 0.446875 0.2 0.0703125