23 0.4796875 0.465625 0.0890625 0.0484375
26 0.5765625 0.471875 0.0703125 0.034375
5 0.4578125 0.5484375 0.09375 0.1046875
25 0.5578125 0.5734375 0.1109375 0.08125
3 0.6765625 0.5859375 0.053125 0.06875
28 0.4625 0.60625 0.1828125 0.10625
8 0.6375 0.6203125 0.1578125 0.0546875
13 0.671875 0.825 0.0640625 0.1484375
16 0.4359375 0.85 0.096875 0.08125
21 0.53125 0.853125 0.09375 0.075
13 0.7015625 0.853125 0.0703125 0.16875
20 0.6125 0.8625 0.075 0.140625
1 0.678125 0.9171875 0.1375 0.1203125
12 0.5078125 0.9328125 0.0875 0.08125
11 0.4078125 0.934375 0.0984375 0.1
18 0.4 0.1546875 0.11875 0.18125
20 0.684375 0.1765625 0.0625 0.125
10 0.7171875 0.1890625 0.0421875 0.109375
15 0.6140625 0.19375 0.0875 0.0875
22 0.490625 0.2140625 0.1109375 0.059375
7 0.6875 0.425 0.10625 0.1515625
19 0.54375 0.4375 0.0859375 0.06875
0 0.4359375 0.4390625 0.109375 0.0640625
26 0.659375 0.459375 0.090625 0.06875
6 0.3890625 0.4640625 0.0609375 0.053125