0 0.4328125 0.5953125 0.11875 0.0703125
24 0.52421875 0.61171875 0.1234375 0.0671875
2 0.66015625 0.6171875 0.0859375 0.05
27 0.4390625 0.86171875 0.0921875 0.0625
19 0.56875 0.86484375 0.0859375 0.084375
29 0.68203125 0.903125 0.1390625 0.109375
20 0.68046875 0.1703125 0.08125 0.1359375
22 0.41484375 0.209375 0.115625 0.06875
4 0.5546875 0.21640625 0.109375 0.05
18 0.4265625 0.4140625 0.134375 0.140625
15 0.6640625 0.428125 0.128125 0.103125
10 0.509375 0.43125 0.0453125 0.1125
21 0.56953125 0.4453125 0.0953125 0.0828125