28 0.45625 0.5890625 0.1265625 0.078125
29 0.6890625 0.60625 0.109375 0.0484375
7 0.596875 0.834375 0.121875 0.10625
5 0.5015625 0.8625 0.0859375 0.1265625
24 0.4265625 0.8828125 0.09375 0.0859375
11 0.6796875 0.9046875 0.059375 0.075
11 0.571875 0.909375 0.04375 0.04375
16 0.5234375 0.2109375 0.128125 0.0578125
4 0.41875 0.2140625 0.075 0.0453125
17 0.6921875 0.2265625 0.115625 0.0328125
13 0.65625 0.396875 0.0671875 0.1484375
15 0.69375 0.4375 0.1015625 0.09375
22 0.5625 0.44375 0.1015625 0.065625
8 0.4515625 0.4546875 0.1296875 0.0484375