22 0.6453125 0.59453125 0.0953125 0.0828125
5 0.5484375 0.5921875 0.1125 0.10625
18 0.42890625 0.60390625 0.175 0.0890625
25 0.61171875 0.83203125 0.1015625 0.103125
12 0.40546875 0.884375 0.1234375 0.1
26 0.659375 0.90859375 0.13125 0.1125
20 0.56875 0.18515625 0.0828125 0.1234375
27 0.43203125 0.20390625 0.1046875 0.05625
28 0.67890625 0.2140625 0.140625 0.0875
10 0.403125 0.41875 0.040625 0.1015625
14 0.64140625 0.4421875 0.134375 0.090625
21 0.5296875 0.44921875 0.15 0.0953125
3 0.66875 0.46640625 0.053125 0.0640625
17 0.3921875 0.46015625 0.090625 0.0390625