15 0.409375 0.5796875 0.096875 0.1078125
18 0.5109375 0.59375 0.1734375 0.084375
7 0.6671875 0.6046875 0.15625 0.09375
14 0.5390625 0.85703125 0.1296875 0.084375
0 0.65 0.86640625 0.1078125 0.084375
16 0.428125 0.8765625 0.1171875 0.096875
21 0.7015625 0.93203125 0.084375 0.0921875
21 0.6125 0.93203125 0.06875 0.1015625
26 0.4296875 0.21875 0.1375 0.0484375
23 0.553125 0.22265625 0.0921875 0.040625
19 0.40703125 0.45 0.0984375 0.08125
22 0.54453125 0.45234375 0.140625 0.078125
11 0.66484375 0.465625 0.121875 0.053125