28 0.5640625 0.58359375 0.1234375 0.1078125
8 0.68359375 0.5984375 0.134375 0.0703125
29 0.43828125 0.60859375 0.121875 0.06875
16 0.56015625 0.884375 0.0921875 0.075
17 0.66328125 0.88671875 0.1046875 0.078125
12 0.446875 0.89921875 0.1234375 0.10625
20 0.67421875 0.16875 0.0828125 0.1375
18 0.42734375 0.21015625 0.1828125 0.0796875
0 0.58203125 0.2078125 0.128125 0.0640625
19 0.4171875 0.4546875 0.0875 0.0765625
4 0.540625 0.4515625 0.0859375 0.0640625
26 0.6578125 0.45390625 0.1078125 0.059375