20 0.65703125 0.56953125 0.075 0.1359375
5 0.3859375 0.57890625 0.08125 0.128125
15 0.4671875 0.59921875 0.1 0.1078125
3 0.66171875 0.62265625 0.053125 0.065625
25 0.61171875 0.83359375 0.103125 0.1015625
10 0.37890625 0.83828125 0.040625 0.1
1 0.52421875 0.87734375 0.11875 0.1
11 0.634375 0.915625 0.128125 0.0734375
9 0.40859375 0.934375 0.15625 0.096875
13 0.52421875 0.16015625 0.078125 0.178125
20 0.4265625 0.1765625 0.0875 0.128125
23 0.6640625 0.22734375 0.1 0.0421875
21 0.50625 0.45 0.1453125 0.0859375
16 0.653125 0.46015625 0.115625 0.08125
6 0.403125 0.4546875 0.0625 0.0546875