28 0.665625 0.603125 0.1375 0.090625
22 0.5390625 0.6046875 0.10625 0.0921875
23 0.4125 0.6203125 0.08125 0.040625
18 0.6890625 0.85 0.1046875 0.221875
14 0.60625 0.8640625 0.1 0.09375
9 0.4390625 0.9078125 0.11875 0.078125
27 0.553125 0.209375 0.0546875 0.0484375
6 0.640625 0.2140625 0.06875 0.04375
11 0.7015625 0.2234375 0.084375 0.0421875
10 0.659375 0.409375 0.040625 0.071875
25 0.4296875 0.4265625 0.1234375 0.071875
7 0.684375 0.4453125 0.125 0.090625
26 0.5765625 0.45625 0.125 0.059375
21 0.4296875 0.459375 0.16875 0.08125