27 0.53125 0.59453125 0.084375 0.06875
24 0.67109375 0.5984375 0.1 0.06875
26 0.41171875 0.61875 0.090625 0.0578125
19 0.5484375 0.865625 0.090625 0.0828125
21 0.70234375 0.87109375 0.1125 0.1265625
0 0.44609375 0.88515625 0.11875 0.096875
13 0.58359375 0.1609375 0.075 0.1609375
25 0.69375 0.19140625 0.134375 0.096875
3 0.46796875 0.21953125 0.05 0.05
23 0.403125 0.2234375 0.0859375 0.04375
20 0.4234375 0.41484375 0.084375 0.1390625
18 0.55625 0.41953125 0.1921875 0.0984375
8 0.6609375 0.45546875 0.1953125 0.0546875