28 0.5390625 0.59921875 0.184375 0.0875
4 0.4109375 0.6015625 0.0765625 0.059375
29 0.68125 0.609375 0.14375 0.075
12 0.621875 0.87890625 0.14375 0.103125
8 0.425 0.878125 0.11875 0.096875
2 0.51015625 0.8875 0.06875 0.078125
7 0.40234375 0.1875 0.090625 0.1125
15 0.66484375 0.2015625 0.13125 0.0890625
27 0.55 0.21796875 0.0609375 0.0453125
10 0.60625 0.41875 0.0421875 0.1015625
19 0.52734375 0.44921875 0.1140625 0.06875
3 0.43359375 0.45390625 0.0546875 0.0671875
24 0.68671875 0.4625 0.0984375 0.0546875