7 0.5953125 0.553125 0.1640625 0.0890625
14 0.3765625 0.5921875 0.109375 0.0875
18 0.590625 0.5875 0.1578125 0.1078125
9 0.48125 0.59609375 0.1265625 0.0953125
15 0.36953125 0.8734375 0.090625 0.1078125
23 0.48046875 0.87421875 0.096875 0.0671875
8 0.63203125 0.8734375 0.1375 0.109375
10 0.4453125 0.19375 0.040625 0.0984375
19 0.34140625 0.21171875 0.10625 0.084375
22 0.51484375 0.20859375 0.1171875 0.0765625
1 0.59765625 0.21015625 0.0953125 0.06875
28 0.37734375 0.42421875 0.14375 0.08125
25 0.61796875 0.43984375 0.1296875 0.0984375
17 0.4890625 0.459375 0.0921875 0.0421875