22 0.6484375 0.5890625 0.0921875 0.0796875
5 0.5515625 0.590625 0.109375 0.103125
18 0.4328125 0.60625 0.171875 0.0828125
25 0.6234375 0.828125 0.0984375 0.1
12 0.41875 0.8875 0.1203125 0.0953125
26 0.6734375 0.903125 0.128125 0.1078125
20 0.5578125 0.1828125 0.078125 0.1203125
27 0.421875 0.20625 0.103125 0.053125
28 0.66875 0.2078125 0.1375 0.0828125
10 0.4 0.421875 0.0375 0.1
14 0.6390625 0.4375 0.13125 0.0859375
21 0.528125 0.4484375 0.146875 0.090625
3 0.6671875 0.4609375 0.0515625 0.0625
17 0.390625 0.4640625 0.0890625 0.0359375