10 0.47890625 0.56953125 0.04375 0.1203125
28 0.66875 0.59609375 0.1375 0.1
23 0.4140625 0.6265625 0.0828125 0.0515625
8 0.65703125 0.88515625 0.1171875 0.1015625
9 0.45 0.90859375 0.11875 0.0875
19 0.41015625 0.203125 0.1 0.0875
27 0.54296875 0.2109375 0.0578125 0.0546875
6 0.63203125 0.209375 0.0703125 0.05
11 0.68515625 0.21484375 0.1015625 0.0484375
25 0.43125 0.41953125 0.0984375 0.05
22 0.53984375 0.4421875 0.096875 0.0796875
16 0.6609375 0.45078125 0.1109375 0.0734375
21 0.4296875 0.46171875 0.19375 0.06875