28 0.6421875 0.596875 0.146875 0.103125
25 0.41875 0.58671875 0.1140625 0.0984375
16 0.51484375 0.59921875 0.115625 0.0796875
13 0.54375 0.828125 0.078125 0.1671875
5 0.40625 0.8578125 0.103125 0.15
0 0.63671875 0.875 0.115625 0.1015625
13 0.6703125 0.16953125 0.0671875 0.14375
20 0.4140625 0.1703125 0.075 0.13125
1 0.67578125 0.22421875 0.1421875 0.065625
26 0.51640625 0.21953125 0.15 0.0609375
21 0.69453125 0.45859375 0.078125 0.0796875
21 0.62578125 0.45625 0.0546875 0.05
27 0.41328125 0.446875 0.0609375 0.065625
9 0.5421875 0.46640625 0.165625 0.0453125