26 0.57890625 0.4796875 0.071875 0.0390625
5 0.4609375 0.5484375 0.1015625 0.115625
25 0.55703125 0.57890625 0.11875 0.0953125
3 0.671875 0.596875 0.0546875 0.0609375
28 0.45390625 0.603125 0.1859375 0.0984375
23 0.62109375 0.61796875 0.0953125 0.05
13 0.66015625 0.83046875 0.0734375 0.1484375
20 0.5875 0.85 0.084375 0.15
13 0.6921875 0.86015625 0.0703125 0.1703125
21 0.38984375 0.88828125 0.1203125 0.1296875
16 0.49921875 0.91875 0.109375 0.1140625
1 0.65546875 0.92421875 0.121875 0.1234375
18 0.41015625 0.153125 0.1328125 0.1921875
20 0.5328125 0.17890625 0.0875 0.140625
15 0.62421875 0.20078125 0.0828125 0.090625
6 0.7078125 0.22421875 0.0703125 0.046875
7 0.68984375 0.428125 0.1140625 0.1390625
19 0.54453125 0.434375 0.08125 0.08125
10 0.39453125 0.43203125 0.0453125 0.1203125
22 0.4609375 0.4484375 0.103125 0.0765625
26 0.6609375 0.46796875 0.090625 0.071875