28 0.64375 0.5953125 0.1453125 0.0984375
25 0.41875 0.58515625 0.1140625 0.09375
16 0.52265625 0.6015625 0.115625 0.0953125
13 0.5484375 0.8296875 0.06875 0.1671875
13 0.4875 0.828125 0.075 0.1625
5 0.40625 0.8578125 0.0890625 0.1546875
0 0.63984375 0.871875 0.11875 0.1109375
20 0.415625 0.1703125 0.0734375 0.1328125
27 0.66015625 0.215625 0.0609375 0.04375
26 0.51796875 0.22109375 0.153125 0.0609375
21 0.621875 0.45 0.040625 0.046875
21 0.69453125 0.45703125 0.08125 0.0828125
19 0.42578125 0.44765625 0.09375 0.084375
7 0.54921875 0.46328125 0.1765625 0.0734375