28 0.646875 0.58984375 0.1421875 0.09375
25 0.421875 0.5875 0.1109375 0.0890625
16 0.5265625 0.60078125 0.1125 0.090625
13 0.56015625 0.82734375 0.0640625 0.165625
13 0.49921875 0.828125 0.0703125 0.1609375
5 0.41875 0.8609375 0.084375 0.1515625
0 0.653125 0.86640625 0.115625 0.10625
20 0.40390625 0.1734375 0.06875 0.13125
27 0.65 0.21015625 0.059375 0.0421875
26 0.5078125 0.2203125 0.1515625 0.05625
21 0.61953125 0.44609375 0.040625 0.0453125
21 0.69296875 0.45 0.078125 0.08125
19 0.42421875 0.45 0.090625 0.08125
7 0.54765625 0.46171875 0.175 0.0671875