28 0.4515625 0.58671875 0.13125 0.084375
22 0.67265625 0.603125 0.0953125 0.0671875
24 0.5796875 0.615625 0.103125 0.06875
20 0.6875 0.83671875 0.0671875 0.1390625
5 0.4046875 0.8328125 0.0734375 0.1265625
7 0.53515625 0.87109375 0.14375 0.1046875
11 0.61796875 0.91015625 0.0453125 0.059375
11 0.69765625 0.93125 0.0421875 0.046875
16 0.70859375 0.22734375 0.1046875 0.059375
17 0.6234375 0.2328125 0.1015625 0.0375
13 0.66640625 0.40546875 0.075 0.1515625
15 0.70625 0.446875 0.10625 0.0984375
25 0.6046875 0.44296875 0.109375 0.0921875
8 0.46796875 0.453125 0.1328125 0.0546875