26 0.58203125 0.4765625 0.065625 0.0421875
25 0.58671875 0.5546875 0.103125 0.0453125
19 0.4359375 0.57265625 0.1046875 0.0578125
3 0.6765625 0.590625 0.046875 0.05625
14 0.5984375 0.5984375 0.1359375 0.09375
6 0.70859375 0.62890625 0.0796875 0.0578125
17 0.44453125 0.62890625 0.1046875 0.0453125
20 0.67734375 0.8296875 0.06875 0.1
23 0.5125 0.8421875 0.0734375 0.071875
16 0.428125 0.853125 0.0953125 0.0921875
8 0.66328125 0.9125 0.1140625 0.0796875
11 0.40234375 0.9234375 0.103125 0.0828125
9 0.5171875 0.9578125 0.128125 0.08125
18 0.396875 0.1578125 0.1203125 0.178125
20 0.68984375 0.1828125 0.065625 0.134375
15 0.61484375 0.18359375 0.0765625 0.0484375
10 0.72265625 0.19140625 0.0421875 0.1140625
21 0.6140625 0.2109375 0.1625 0.08125
22 0.49375 0.2125 0.1078125 0.0578125
5 0.509375 0.409375 0.0875 0.1296875
7 0.6890625 0.4203125 0.115625 0.14375
5 0.5984375 0.425 0.1 0.0984375
0 0.43046875 0.440625 0.10625 0.046875
27 0.44921875 0.45234375 0.096875 0.0515625
26 0.66015625 0.465625 0.0875 0.0671875