15 0.5 0.5875 0.0953125 0.0984375
25 0.646875 0.59765625 0.11875 0.096875
14 0.39921875 0.603125 0.1046875 0.09375
11 0.62890625 0.8765625 0.0390625 0.0359375
11 0.68671875 0.88984375 0.0578125 0.0796875
0 0.55546875 0.89140625 0.06875 0.1015625
18 0.4375 0.8953125 0.1875 0.153125
0 0.6484375 0.91171875 0.0640625 0.0703125
28 0.68671875 0.2078125 0.15 0.08125
23 0.4109375 0.221875 0.0890625 0.0375
17 0.5171875 0.23046875 0.0875 0.03125
19 0.42109375 0.4265625 0.078125 0.0609375
27 0.5109375 0.4515625 0.075 0.059375
6 0.6234375 0.45703125 0.06875 0.0578125
3 0.69375 0.46171875 0.053125 0.0609375
26 0.4015625 0.4609375 0.121875 0.0703125