2 0.54921875 0.475 0.0875 0.0328125
5 0.44921875 0.5703125 0.084375 0.11875
29 0.55078125 0.6078125 0.1078125 0.0546875
27 0.67421875 0.6125 0.1 0.053125
20 0.675 0.8609375 0.08125 0.134375
7 0.5953125 0.86796875 0.1015625 0.1171875
26 0.4953125 0.86875 0.0984375 0.0890625
19 0.40859375 0.8703125 0.0875 0.096875
14 0.48359375 0.20546875 0.109375 0.0703125
16 0.70078125 0.22109375 0.096875 0.05625
22 0.56796875 0.21640625 0.0875 0.05625
13 0.62890625 0.4015625 0.0578125 0.1515625
3 0.678125 0.45 0.046875 0.0609375
4 0.4453125 0.4515625 0.0703125 0.053125