23 0.6421875 0.47421875 0.0765625 0.046875
5 0.434375 0.559375 0.1140625 0.121875
28 0.66640625 0.61015625 0.1359375 0.1046875
26 0.5265625 0.6171875 0.146875 0.0828125
1 0.66796875 0.8828125 0.1234375 0.1234375
9 0.42734375 0.9015625 0.1328125 0.0875
3 0.5671875 0.91796875 0.0625 0.0765625
16 0.4453125 0.20625 0.1265625 0.0796875
27 0.56953125 0.2140625 0.059375 0.05625
6 0.6515625 0.228125 0.0625 0.053125
11 0.7109375 0.234375 0.0984375 0.0453125
25 0.43671875 0.4203125 0.115625 0.0625
22 0.5453125 0.44609375 0.0953125 0.0765625
21 0.43828125 0.4515625 0.1890625 0.0859375