23 0.575 0.46953125 0.1015625 0.046875
5 0.4421875 0.5625 0.1171875 0.115625
28 0.67734375 0.5953125 0.134375 0.096875
14 0.41953125 0.6125 0.1203125 0.1046875
26 0.53984375 0.61015625 0.1515625 0.078125
1 0.70703125 0.86953125 0.1171875 0.128125
9 0.46171875 0.91015625 0.125 0.09375
3 0.609375 0.91015625 0.0625 0.0828125
19 0.390625 0.20546875 0.09375 0.090625
27 0.54453125 0.20859375 0.06875 0.053125
17 0.6703125 0.2203125 0.084375 0.0265625
6 0.609375 0.43515625 0.0703125 0.0359375
22 0.5328125 0.440625 0.1015625 0.078125
11 0.64921875 0.4484375 0.1359375 0.0578125
12 0.4203125 0.46484375 0.1296875 0.059375