26 0.5828125 0.4734375 0.0734375 0.034375
25 0.6390625 0.5859375 0.115625 0.0921875
1 0.53125 0.6015625 0.1390625 0.0921875
3 0.4015625 0.6046875 0.053125 0.0640625
15 0.6703125 0.871875 0.0921875 0.115625
21 0.55 0.8859375 0.0921875 0.1328125
16 0.4140625 0.8875 0.1140625 0.1125
18 0.403125 0.159375 0.121875 0.16875
27 0.509375 0.215625 0.0609375 0.04375
6 0.7 0.21875 0.071875 0.0453125
17 0.615625 0.2296875 0.090625 0.025
7 0.6890625 0.41875 0.1 0.1390625
10 0.3921875 0.434375 0.0390625 0.1140625
19 0.546875 0.4421875 0.0796875 0.090625
22 0.4625 0.4484375 0.103125 0.0625
26 0.6625 0.4578125 0.0875 0.0671875