20 0.659375 0.565625 0.075 0.13125
5 0.3828125 0.58125 0.08125 0.1140625
1 0.584375 0.60625 0.1328125 0.0828125
17 0.4609375 0.6265625 0.0890625 0.04375
10 0.3859375 0.8421875 0.034375 0.096875
15 0.4640625 0.85 0.125 0.0890625
3 0.628125 0.859375 0.0453125 0.065625
23 0.54375 0.903125 0.09375 0.08125
11 0.65625 0.9078125 0.103125 0.0875
9 0.4234375 0.9359375 0.1546875 0.090625
5 0.390625 0.1765625 0.10625 0.1421875
16 0.6390625 0.2171875 0.1109375 0.0578125
13 0.3890625 0.409375 0.065625 0.171875
20 0.6515625 0.421875 0.0765625 0.1265625
7 0.515625 0.4640625 0.1625 0.05625