7 0.59375 0.55 0.1625 0.084375
14 0.378125 0.5953125 0.1046875 0.096875
18 0.5890625 0.5875 0.1546875 0.09375
9 0.47578125 0.60234375 0.1015625 0.0859375
15 0.37109375 0.8734375 0.0875 0.1015625
23 0.48203125 0.87109375 0.090625 0.065625
8 0.62734375 0.87265625 0.1453125 0.0984375
10 0.4484375 0.1953125 0.0421875 0.1046875
19 0.34921875 0.21015625 0.1015625 0.0796875
22 0.51953125 0.21015625 0.1109375 0.075
1 0.60546875 0.21015625 0.0921875 0.0640625
28 0.378125 0.42265625 0.1484375 0.0859375
25 0.628125 0.4453125 0.128125 0.0953125
17 0.4890625 0.45625 0.09375 0.0421875