11 0.39765625 0.4640625 0.1046875 0.05
20 0.66328125 0.565625 0.075 0.1375
5 0.3890625 0.5828125 0.0875 0.1078125
27 0.5375 0.59453125 0.0765625 0.06875
13 0.58671875 0.8140625 0.0640625 0.1546875
10 0.3765625 0.83984375 0.0359375 0.0984375
12 0.55546875 0.90234375 0.1765625 0.0796875
16 0.40078125 0.9171875 0.1140625 0.121875
23 0.6625 0.9546875 0.115625 0.0796875
5 0.39453125 0.171875 0.1203125 0.1453125
19 0.49609375 0.2078125 0.109375 0.0734375
22 0.6578125 0.21640625 0.1265625 0.06875
25 0.65546875 0.44765625 0.115625 0.0875
17 0.54609375 0.46484375 0.08125 0.0328125