15 0.409375 0.5859375 0.09375 0.0953125
25 0.509375 0.590625 0.115625 0.09375
27 0.6234375 0.6015625 0.0921875 0.0578125
1 0.40625 0.8734375 0.109375 0.084375
11 0.6796875 0.88125 0.0984375 0.0765625
26 0.5015625 0.8890625 0.0796875 0.0921875
26 0.6046875 0.896875 0.0546875 0.078125
28 0.6703125 0.2015625 0.14375 0.078125
23 0.3984375 0.2234375 0.084375 0.034375
17 0.5078125 0.2265625 0.0890625 0.0265625
19 0.4125 0.4359375 0.090625 0.084375
6 0.6171875 0.453125 0.0703125 0.059375
3 0.6890625 0.4546875 0.053125 0.065625
16 0.5140625 0.4625 0.1109375 0.0640625