2 0.4453125 0.4734375 0.1609375 0.0375
21 0.66953125 0.603125 0.125 0.1
14 0.55703125 0.6 0.0953125 0.0796875
27 0.44296875 0.6015625 0.090625 0.0625
7 0.6609375 0.86328125 0.10625 0.1515625
19 0.5109375 0.86015625 0.1078125 0.096875
24 0.41796875 0.86640625 0.0890625 0.0890625
5 0.7109375 0.2015625 0.1109375 0.1078125
17 0.6078125 0.23515625 0.11875 0.0328125
10 0.66640625 0.42734375 0.0453125 0.1015625
16 0.4734375 0.4359375 0.125 0.071875
3 0.55546875 0.4515625 0.0546875 0.0765625
18 0.63515625 0.45859375 0.2015625 0.075