17 0.38828125 0.47109375 0.0828125 0.040625
20 0.66015625 0.56015625 0.075 0.134375
5 0.3921875 0.58515625 0.0765625 0.121875
14 0.475 0.58671875 0.0875 0.0875
22 0.57578125 0.60703125 0.10625 0.0875
25 0.63359375 0.825 0.103125 0.1046875
1 0.54765625 0.8734375 0.1265625 0.103125
12 0.43046875 0.88828125 0.125 0.1
26 0.684375 0.896875 0.13125 0.109375
13 0.49921875 0.159375 0.075 0.1796875
20 0.4046875 0.1828125 0.084375 0.128125
15 0.6046875 0.18828125 0.125 0.10625
3 0.428125 0.45078125 0.0484375 0.0609375
21 0.5046875 0.4515625 0.140625 0.0765625
16 0.6484375 0.44765625 0.1171875 0.075