22 0.5359375 0.603125 0.1046875 0.09375
28 0.665625 0.6046875 0.140625 0.090625
23 0.4140625 0.6203125 0.0890625 0.0453125
18 0.6890625 0.8515625 0.1 0.221875
14 0.5984375 0.86875 0.0921875 0.1046875
27 0.5515625 0.2109375 0.0546875 0.0484375
6 0.6359375 0.2171875 0.06875 0.04375
11 0.696875 0.221875 0.084375 0.0359375
10 0.659375 0.4171875 0.0390625 0.0890625
25 0.4296875 0.4375 0.1125 0.0859375
7 0.6890625 0.446875 0.10625 0.0765625
26 0.5734375 0.4609375 0.125 0.0578125
21 0.43125 0.4625 0.1640625 0.0703125