0 0.4328125 0.59453125 0.11875 0.071875
24 0.52734375 0.61171875 0.121875 0.075
29 0.67265625 0.6125 0.13125 0.075
7 0.6484375 0.8546875 0.103125 0.1234375
27 0.44453125 0.87421875 0.0890625 0.065625
19 0.57265625 0.87265625 0.084375 0.0796875
20 0.67421875 0.16875 0.0796875 0.140625
22 0.48984375 0.2109375 0.1453125 0.06875
4 0.39140625 0.21953125 0.078125 0.0484375
18 0.425 0.41484375 0.1296875 0.146875
10 0.515625 0.41484375 0.0484375 0.096875
15 0.66796875 0.425 0.1265625 0.10625
21 0.55625 0.44296875 0.15625 0.0765625