17 0.390625 0.47421875 0.0875 0.046875
20 0.6625 0.55703125 0.078125 0.1328125
14 0.4734375 0.5875 0.09375 0.0828125
5 0.39375 0.59140625 0.0921875 0.115625
22 0.57578125 0.60546875 0.115625 0.1
25 0.6390625 0.82265625 0.1046875 0.1046875
12 0.4453125 0.890625 0.140625 0.103125
18 0.5484375 0.88828125 0.1921875 0.1515625
26 0.6921875 0.8890625 0.146875 0.1203125
20 0.54140625 0.18046875 0.0828125 0.121875
19 0.396875 0.209375 0.121875 0.0875
28 0.65 0.19609375 0.14375 0.1
3 0.42890625 0.45234375 0.0515625 0.0625
21 0.50703125 0.45078125 0.1515625 0.078125
16 0.65 0.44375 0.109375 0.0671875