19 0.41875 0.5734375 0.0828125 0.0859375
28 0.6671875 0.6046875 0.1296875 0.096875
26 0.52734375 0.61328125 0.15625 0.0828125
1 0.68125 0.8796875 0.1140625 0.1328125
9 0.42578125 0.9015625 0.125 0.08125
3 0.58359375 0.91875 0.059375 0.0796875
27 0.5609375 0.21328125 0.0578125 0.0515625
16 0.4390625 0.21328125 0.1296875 0.059375
6 0.6453125 0.22265625 0.0734375 0.046875
11 0.70625 0.22578125 0.0828125 0.0390625
25 0.4328125 0.4171875 0.11875 0.059375
10 0.6671875 0.434375 0.0453125 0.121875
22 0.54296875 0.44765625 0.0875 0.0765625
21 0.43828125 0.45859375 0.1859375 0.0703125