22 0.64375 0.596875 0.096875 0.084375
5 0.546875 0.59296875 0.1140625 0.109375
18 0.42734375 0.60234375 0.1765625 0.0921875
25 0.60625 0.834375 0.103125 0.1046875
12 0.3984375 0.8828125 0.125 0.1015625
26 0.65234375 0.91171875 0.1328125 0.1140625
20 0.57421875 0.1859375 0.084375 0.125
27 0.4375 0.20234375 0.10625 0.0578125
28 0.68359375 0.2171875 0.1421875 0.090625
10 0.40390625 0.41640625 0.0421875 0.1015625
14 0.6421875 0.44453125 0.1359375 0.0921875
21 0.53046875 0.45 0.1515625 0.0984375
3 0.66875 0.46953125 0.0546875 0.065625
17 0.39296875 0.45859375 0.090625 0.040625