26 0.58359375 0.475 0.075 0.0375
5 0.46015625 0.559375 0.1015625 0.1390625
25 0.55625 0.58046875 0.1203125 0.0953125
28 0.62109375 0.6046875 0.1890625 0.0984375
13 0.66171875 0.83515625 0.0703125 0.159375
1 0.56875 0.85390625 0.1375 0.1
13 0.6890625 0.85859375 0.075 0.1640625
21 0.39921875 0.8796875 0.1203125 0.125
18 0.41328125 0.1546875 0.1328125 0.178125
20 0.5328125 0.17890625 0.084375 0.1296875
15 0.62265625 0.20234375 0.109375 0.0890625
6 0.7109375 0.22421875 0.0734375 0.046875
7 0.6921875 0.42421875 0.1140625 0.15
10 0.39453125 0.43046875 0.046875 0.1171875
19 0.54921875 0.4390625 0.0875 0.090625
22 0.4609375 0.4453125 0.096875 0.06875
26 0.6609375 0.46640625 0.090625 0.0734375