26 0.5796875 0.4703125 0.071875 0.0390625
5 0.4625 0.56875 0.0890625 0.1328125
20 0.403125 0.5765625 0.075 0.1390625
25 0.55625 0.578125 0.11875 0.0890625
3 0.6453125 0.6046875 0.0515625 0.0640625
13 0.671875 0.828125 0.0703125 0.1609375
13 0.703125 0.85 0.0671875 0.165625
1 0.58125 0.85 0.134375 0.096875
21 0.409375 0.8859375 0.109375 0.1171875
18 0.39375 0.1625 0.1515625 0.1578125
20 0.521875 0.1765625 0.0796875 0.128125
15 0.6078125 0.196875 0.096875 0.0859375
6 0.7015625 0.2171875 0.075 0.0453125
7 0.6890625 0.4203125 0.1109375 0.1515625
10 0.3921875 0.434375 0.040625 0.1140625
19 0.54375 0.4375 0.078125 0.075
22 0.4578125 0.446875 0.09375 0.065625
26 0.6578125 0.4578125 0.090625 0.0640625