23 0.57734375 0.475 0.1 0.04375
5 0.43828125 0.55859375 0.1125 0.1109375
28 0.6703125 0.6078125 0.13125 0.0921875
14 0.4125 0.60625 0.1171875 0.1
26 0.53203125 0.61328125 0.15 0.0734375
1 0.68046875 0.8828125 0.1125 0.1234375
9 0.43359375 0.90703125 0.121875 0.0890625
3 0.58046875 0.9171875 0.059375 0.08125
19 0.41171875 0.1984375 0.090625 0.0875
27 0.5640625 0.21171875 0.0671875 0.0515625
17 0.6890625 0.2328125 0.0828125 0.0234375
6 0.61328125 0.44296875 0.06875 0.034375
22 0.53671875 0.44296875 0.1 0.075
11 0.65234375 0.45859375 0.134375 0.053125
12 0.42265625 0.459375 0.128125 0.0546875