1 0.4578125 0.5890625 0.0984375 0.1046875
28 0.6671875 0.603125 0.134375 0.09375
22 0.5390625 0.603125 0.0953125 0.0890625
3 0.3953125 0.615625 0.0546875 0.0703125
15 0.6671875 0.8640625 0.096875 0.1171875
16 0.459375 0.865625 0.1546875 0.0625
19 0.4140625 0.921875 0.1078125 0.10625
9 0.559375 0.9484375 0.14375 0.0890625
27 0.5484375 0.2125 0.0546875 0.053125
6 0.6390625 0.21875 0.0765625 0.0515625
11 0.6953125 0.221875 0.0859375 0.040625
10 0.6609375 0.4078125 0.0359375 0.065625
20 0.5328125 0.4140625 0.0703125 0.1359375
7 0.678125 0.45 0.14375 0.090625
25 0.44375 0.45 0.125 0.090625
21 0.5703125 0.4640625 0.05625 0.05625