0 0.425 0.59140625 0.121875 0.075
19 0.5421875 0.596875 0.090625 0.0734375
29 0.66640625 0.621875 0.1328125 0.0734375
25 0.6453125 0.86953125 0.10625 0.1109375
24 0.52734375 0.8796875 0.1078125 0.0828125
7 0.41484375 0.8890625 0.121875 0.1140625
20 0.6953125 0.1796875 0.0796875 0.1453125
4 0.41015625 0.2125 0.0796875 0.0484375
22 0.51015625 0.21875 0.1421875 0.053125
18 0.428125 0.40703125 0.1265625 0.153125
10 0.5234375 0.41796875 0.0453125 0.103125
15 0.66796875 0.43671875 0.121875 0.1078125
21 0.559375 0.44765625 0.159375 0.0796875