0 0.4296875 0.5921875 0.11875 0.0703125
24 0.51953125 0.6125 0.1234375 0.0671875
2 0.65546875 0.6234375 0.0859375 0.05
27 0.4265625 0.859375 0.0921875 0.0625
19 0.55625 0.86640625 0.0859375 0.084375
29 0.66796875 0.909375 0.1390625 0.109375
20 0.69140625 0.1765625 0.08125 0.1359375
22 0.42578125 0.20625 0.115625 0.06875
4 0.5640625 0.21796875 0.109375 0.05
18 0.4296875 0.4109375 0.134375 0.140625
15 0.6671875 0.434375 0.128125 0.103125
10 0.5125 0.43125 0.0453125 0.1125
21 0.57109375 0.4484375 0.0953125 0.0828125