15 0.4125 0.5859375 0.09375 0.0953125
25 0.515625 0.5921875 0.1109375 0.096875
27 0.628125 0.6015625 0.0953125 0.0609375
11 0.6421875 0.871875 0.0390625 0.0359375
11 0.7015625 0.8828125 0.0609375 0.0796875
22 0.43125 0.884375 0.11875 0.08125
0 0.5703125 0.8890625 0.0640625 0.1015625
0 0.6640625 0.9078125 0.0578125 0.0671875
28 0.6796875 0.2 0.1515625 0.0796875
23 0.403125 0.2234375 0.084375 0.03125
17 0.5125 0.228125 0.0953125 0.0390625
19 0.4140625 0.4390625 0.0875 0.090625
6 0.621875 0.453125 0.065625 0.05625
3 0.69375 0.45625 0.053125 0.065625
16 0.5203125 0.4640625 0.1015625 0.0671875