26 0.5828125 0.471875 0.084375 0.034375
5 0.4546875 0.5390625 0.0921875 0.0625
25 0.553125 0.5671875 0.1015625 0.0625
3 0.678125 0.5796875 0.05 0.034375
28 0.596875 0.6046875 0.1640625 0.090625
14 0.4453125 0.60625 0.1515625 0.090625
6 0.7125 0.6234375 0.075 0.059375
13 0.6671875 0.825 0.0625 0.146875
16 0.4328125 0.8484375 0.0890625 0.0859375
13 0.7015625 0.85 0.0703125 0.171875
9 0.534375 0.853125 0.0921875 0.0578125
20 0.6125 0.865625 0.071875 0.1359375
1 0.68125 0.9171875 0.128125 0.1203125
8 0.515625 0.921875 0.1078125 0.1359375
11 0.40625 0.93125 0.0984375 0.090625
18 0.3921875 0.1578125 0.115625 0.178125
20 0.68125 0.175 0.0625 0.125
15 0.6109375 0.178125 0.0734375 0.0453125
10 0.71875 0.1859375 0.04375 0.1109375
21 0.60625 0.2046875 0.171875 0.06875
22 0.4859375 0.2171875 0.096875 0.053125
7 0.6921875 0.4140625 0.103125 0.146875
19 0.5453125 0.434375 0.0875 0.071875
0 0.4359375 0.440625 0.1109375 0.059375
27 0.4453125 0.453125 0.0921875 0.0609375
26 0.6625 0.459375 0.08125 0.0640625