20 0.66015625 0.56171875 0.078125 0.1359375
5 0.3953125 0.58671875 0.0859375 0.121875
14 0.475 0.58828125 0.096875 0.096875
22 0.57421875 0.60546875 0.1046875 0.08125
3 0.66953125 0.61171875 0.053125 0.0671875
25 0.63359375 0.825 0.1046875 0.1015625
1 0.55078125 0.875 0.11875 0.1015625
12 0.43046875 0.88828125 0.1234375 0.1015625
26 0.6828125 0.89375 0.1390625 0.1171875
13 0.50078125 0.1578125 0.078125 0.1796875
20 0.4046875 0.1828125 0.084375 0.128125
15 0.6046875 0.18828125 0.121875 0.10625
21 0.5078125 0.446875 0.1453125 0.0796875
16 0.6546875 0.44765625 0.1078125 0.0734375
6 0.4015625 0.4609375 0.0640625 0.0546875