5 0.48125 0.56171875 0.090625 0.1328125
16 0.55703125 0.60625 0.13125 0.0828125
23 0.40390625 0.609375 0.090625 0.0625
26 0.671875 0.628125 0.1234375 0.078125
13 0.66015625 0.84921875 0.078125 0.171875
15 0.571875 0.86484375 0.0984375 0.1265625
1 0.48515625 0.8765625 0.1328125 0.1140625
11 0.38828125 0.87734375 0.0984375 0.090625
5 0.715625 0.2 0.078125 0.10625
7 0.45234375 0.2109375 0.1734375 0.06875
18 0.4515625 0.43828125 0.165625 0.090625
22 0.54609375 0.46171875 0.128125 0.0703125
8 0.66875 0.46953125 0.13125 0.0640625