20 0.66875 0.55546875 0.0765625 0.1359375
5 0.3921875 0.58671875 0.0828125 0.1109375
9 0.5796875 0.61328125 0.1734375 0.0703125
17 0.46796875 0.628125 0.0859375 0.0453125
13 0.61328125 0.81171875 0.0734375 0.15625
10 0.40234375 0.84765625 0.0390625 0.0984375
0 0.6078125 0.915625 0.121875 0.0984375
16 0.43046875 0.92734375 0.11875 0.1265625
5 0.36875 0.18125 0.11875 0.1453125
22 0.6375 0.2046875 0.1390625 0.0734375
20 0.6640625 0.41171875 0.0828125 0.1265625
1 0.434375 0.4484375 0.13125 0.06875
19 0.5734375 0.44296875 0.096875 0.084375