11 0.4515625 0.58984375 0.1140625 0.0984375
28 0.65859375 0.61328125 0.1390625 0.1015625
20 0.5859375 0.8625 0.0734375 0.140625
16 0.471875 0.86484375 0.0875 0.0734375
18 0.65703125 0.90234375 0.1453125 0.1921875
25 0.38203125 0.89609375 0.10625 0.1171875
6 0.63984375 0.22265625 0.0765625 0.0546875
11 0.7078125 0.23203125 0.0828125 0.040625
17 0.5625 0.2328125 0.0859375 0.0375
10 0.40859375 0.4171875 0.04375 0.1015625
19 0.55625 0.4421875 0.1 0.0859375
0 0.64453125 0.459375 0.1078125 0.078125
27 0.44140625 0.4515625 0.0859375 0.0625