9 0.3828125 0.57890625 0.0515625 0.15
1 0.434375 0.58671875 0.09375 0.071875
14 0.6828125 0.5984375 0.09375 0.09375
18 0.55 0.59921875 0.19375 0.121875
13 0.60859375 0.8234375 0.0640625 0.1578125
13 0.66640625 0.8265625 0.0609375 0.1609375
7 0.4265625 0.8640625 0.153125 0.1140625
17 0.5375 0.87734375 0.0671875 0.0609375
0 0.65390625 0.89375 0.13125 0.09375
15 0.69765625 0.1984375 0.0859375 0.0953125
26 0.6015625 0.221875 0.1203125 0.046875
23 0.40625 0.2203125 0.0828125 0.0421875
28 0.44296875 0.44921875 0.190625 0.08125
27 0.62265625 0.45859375 0.071875 0.0546875