20 0.66015625 0.5625 0.0765625 0.134375
5 0.3875 0.58359375 0.0828125 0.1296875
1 0.5859375 0.60625 0.1328125 0.0859375
17 0.46796875 0.62421875 0.0875 0.0453125
13 0.60234375 0.8125 0.0671875 0.1609375
10 0.3921875 0.84375 0.034375 0.0984375
15 0.471875 0.85078125 0.1265625 0.0890625
16 0.41640625 0.91875 0.1078125 0.1171875
0 0.58828125 0.9203125 0.1125 0.0859375
5 0.38203125 0.17734375 0.1109375 0.140625
19 0.61953125 0.20546875 0.1140625 0.0703125
20 0.6671875 0.4171875 0.078125 0.125
18 0.53359375 0.45234375 0.203125 0.084375
3 0.38203125 0.46328125 0.0546875 0.0640625