26 0.39453125 0.47109375 0.121875 0.065625
15 0.5078125 0.5859375 0.0890625 0.1
25 0.653125 0.58671875 0.11875 0.103125
11 0.65546875 0.86640625 0.0375 0.040625
0 0.58203125 0.87890625 0.0734375 0.10625
22 0.44921875 0.88515625 0.125 0.084375
11 0.71328125 0.87734375 0.0609375 0.078125
0 0.6765625 0.9015625 0.0625 0.065625
28 0.66484375 0.1953125 0.1453125 0.0875
23 0.390625 0.22734375 0.090625 0.0421875
17 0.4953125 0.2296875 0.0953125 0.0359375
19 0.41484375 0.4390625 0.0828125 0.075
27 0.50625 0.45 0.071875 0.0578125
6 0.6203125 0.44765625 0.071875 0.059375
3 0.690625 0.44765625 0.053125 0.065625