15 0.4984375 0.5875 0.0984375 0.096875
14 0.40390625 0.6 0.0859375 0.1015625
1 0.59296875 0.6203125 0.121875 0.075
11 0.62890625 0.875 0.0359375 0.0375
11 0.68984375 0.89140625 0.0609375 0.078125
0 0.56015625 0.88984375 0.071875 0.1015625
18 0.434375 0.89140625 0.1828125 0.1578125
0 0.65 0.91484375 0.059375 0.0703125
26 0.6140625 0.22578125 0.1078125 0.046875
23 0.4125 0.2203125 0.084375 0.04375
17 0.521875 0.23046875 0.0875 0.034375
22 0.4421875 0.44609375 0.19375 0.0875
8 0.559375 0.45234375 0.0859375 0.040625
27 0.6234375 0.46015625 0.0671875 0.053125