7 0.596875 0.5484375 0.171875 0.0890625
14 0.378125 0.590625 0.1 0.0859375
9 0.478125 0.59921875 0.11875 0.0953125
18 0.5890625 0.5953125 0.1671875 0.0921875
23 0.47734375 0.87265625 0.090625 0.0671875
15 0.36953125 0.8765625 0.078125 0.0984375
8 0.62578125 0.87265625 0.13125 0.109375
10 0.4453125 0.1921875 0.0390625 0.1078125
19 0.35078125 0.20625 0.1078125 0.0828125
22 0.51796875 0.21015625 0.1125 0.075
1 0.60546875 0.20859375 0.1015625 0.05625
28 0.3796875 0.41953125 0.1421875 0.0875
25 0.6234375 0.4421875 0.1375 0.0953125
17 0.4890625 0.459375 0.084375 0.0359375