15 0.40625 0.584375 0.09375 0.096875
25 0.509375 0.59375 0.1140625 0.0984375
27 0.625 0.60546875 0.0984375 0.0609375
1 0.4125 0.8734375 0.0984375 0.0828125
11 0.67421875 0.8828125 0.1 0.084375
26 0.49453125 0.890625 0.0828125 0.0921875
26 0.59765625 0.9 0.059375 0.0796875
20 0.70078125 0.175 0.090625 0.1359375
17 0.5125 0.2265625 0.0828125 0.028125
28 0.42734375 0.440625 0.15625 0.0875
6 0.63515625 0.45546875 0.0671875 0.05625
23 0.57109375 0.459375 0.075 0.0453125
3 0.69140625 0.4609375 0.053125 0.0671875