28 0.671875 0.6015625 0.1390625 0.096875
22 0.540625 0.60703125 0.103125 0.0875
23 0.41484375 0.6234375 0.090625 0.05
18 0.696875 0.853125 0.1 0.2203125
14 0.609375 0.8734375 0.0921875 0.1140625
9 0.43984375 0.89921875 0.134375 0.08125
19 0.41015625 0.2015625 0.1125 0.090625
27 0.55 0.21015625 0.0546875 0.0484375
6 0.6375 0.21953125 0.0671875 0.0484375
11 0.69375 0.221875 0.0875 0.04375
10 0.6625 0.403125 0.0421875 0.0671875
25 0.4296875 0.428125 0.1234375 0.071875
7 0.68515625 0.446875 0.11875 0.0921875
21 0.42890625 0.459375 0.184375 0.075
26 0.57890625 0.4578125 0.13125 0.0640625