28 0.5421875 0.59765625 0.184375 0.0875
4 0.4140625 0.6046875 0.0765625 0.059375
29 0.684375 0.603125 0.14375 0.075
12 0.634375 0.87421875 0.14375 0.103125
8 0.4375 0.88046875 0.11875 0.096875
2 0.52421875 0.8875 0.06875 0.078125
7 0.39140625 0.190625 0.090625 0.1125
15 0.65390625 0.1953125 0.13125 0.0890625
27 0.540625 0.21640625 0.0609375 0.0453125
10 0.603125 0.415625 0.0421875 0.1015625
19 0.52578125 0.44765625 0.1140625 0.06875
3 0.43203125 0.45625 0.0546875 0.0671875
24 0.68515625 0.45625 0.0984375 0.0546875