2 0.44453125 0.475 0.1609375 0.0359375
21 0.671875 0.6 0.1234375 0.0984375
14 0.559375 0.59921875 0.0953125 0.078125
27 0.44453125 0.603125 0.0890625 0.0609375
7 0.6671875 0.8609375 0.103125 0.15
19 0.5171875 0.86015625 0.10625 0.0953125
24 0.425 0.86796875 0.0875 0.0875
5 0.70625 0.19765625 0.109375 0.10625
17 0.603125 0.2328125 0.11875 0.03125
10 0.665625 0.42421875 0.04375 0.1015625
16 0.47265625 0.43671875 0.1234375 0.0703125
3 0.5546875 0.45 0.0546875 0.075
18 0.634375 0.45625 0.2 0.0703125