20 0.66640625 0.55859375 0.0765625 0.1359375
5 0.390625 0.58828125 0.1046875 0.1234375
17 0.57109375 0.61171875 0.0859375 0.0515625
13 0.6046875 0.80625 0.065625 0.1484375
10 0.39609375 0.84765625 0.0375 0.1046875
12 0.578125 0.89609375 0.1796875 0.08125
16 0.41953125 0.925 0.11875 0.125
5 0.375 0.18046875 0.1109375 0.1515625
25 0.48359375 0.20390625 0.134375 0.08125
0 0.56640625 0.21015625 0.065625 0.06875
22 0.64765625 0.20859375 0.1203125 0.06875
19 0.4234375 0.44765625 0.0890625 0.0796875
11 0.628125 0.4515625 0.1328125 0.0484375
26 0.5234375 0.45703125 0.134375 0.0671875