1 0.453125 0.5890625 0.1140625 0.0953125
28 0.66875 0.6046875 0.1328125 0.0953125
22 0.5375 0.6046875 0.103125 0.0859375
3 0.396875 0.625 0.0609375 0.078125
15 0.678125 0.8546875 0.08125 0.1109375
19 0.5078125 0.8734375 0.084375 0.09375
16 0.596875 0.875 0.0859375 0.096875
12 0.415625 0.8921875 0.084375 0.06875
27 0.5484375 0.2109375 0.053125 0.0453125
6 0.6375 0.215625 0.075 0.046875
11 0.7 0.2234375 0.075 0.0328125
25 0.428125 0.409375 0.1265625 0.0421875
10 0.6609375 0.415625 0.0375 0.084375
7 0.690625 0.4546875 0.1109375 0.1
26 0.578125 0.45625 0.125 0.059375
21 0.4328125 0.459375 0.1734375 0.0765625