28 0.6484375 0.59140625 0.14375 0.0984375
16 0.5234375 0.60546875 0.10625 0.071875
17 0.428125 0.6078125 0.078125 0.05625
13 0.60234375 0.81875 0.065625 0.1625
3 0.396875 0.8671875 0.046875 0.0671875
20 0.5484375 0.87578125 0.075 0.1484375
10 0.41015625 0.8890625 0.0390625 0.1078125
20 0.44296875 0.17734375 0.071875 0.13125
27 0.6515625 0.21171875 0.05625 0.040625
21 0.62578125 0.44921875 0.04375 0.04375
21 0.69609375 0.4515625 0.078125 0.078125
19 0.42890625 0.45 0.096875 0.0796875
7 0.55546875 0.46015625 0.1671875 0.065625