26 0.578125 0.4765625 0.0703125 0.0359375
5 0.4625 0.55 0.0984375 0.1125
25 0.559375 0.5765625 0.115625 0.090625
3 0.675 0.590625 0.053125 0.059375
28 0.4578125 0.6046875 0.1828125 0.0921875
23 0.625 0.6140625 0.09375 0.046875
13 0.671875 0.825 0.06875 0.146875
20 0.6 0.846875 0.0796875 0.146875
13 0.7046875 0.853125 0.0640625 0.16875
21 0.403125 0.8921875 0.115625 0.125
16 0.5140625 0.91875 0.10625 0.1109375
1 0.6703125 0.91875 0.1171875 0.11875
18 0.3984375 0.15625 0.1265625 0.1875
20 0.521875 0.178125 0.0828125 0.1375
15 0.6140625 0.196875 0.0796875 0.0875
6 0.6984375 0.2171875 0.06875 0.04375
7 0.6875 0.421875 0.109375 0.1359375
19 0.5421875 0.4328125 0.078125 0.078125
10 0.3921875 0.4359375 0.040625 0.11875
22 0.459375 0.45 0.1 0.0734375
26 0.659375 0.4625 0.0875 0.06875