1 0.4484375 0.59140625 0.121875 0.1015625
28 0.6640625 0.6046875 0.1390625 0.0984375
22 0.5359375 0.60703125 0.1 0.0890625
16 0.4828125 0.8625 0.096875 0.0671875
25 0.40078125 0.896875 0.115625 0.1078125
18 0.42109375 0.18125 0.1734375 0.1234375
6 0.63125 0.21796875 0.071875 0.05625
11 0.7 0.225 0.0921875 0.0421875
17 0.5515625 0.22734375 0.0875 0.03125
10 0.403125 0.4171875 0.0421875 0.1015625
19 0.55390625 0.44296875 0.09375 0.08125
0 0.64453125 0.45546875 0.1 0.0765625
27 0.43828125 0.45390625 0.084375 0.05625