20 0.52421875 0.56953125 0.0765625 0.1328125
25 0.4171875 0.6015625 0.1140625 0.096875
1 0.62265625 0.60859375 0.1296875 0.0734375
15 0.6328125 0.865625 0.0953125 0.1296875
14 0.53828125 0.87265625 0.0953125 0.1140625
0 0.71015625 0.86640625 0.0890625 0.1328125
11 0.42109375 0.884375 0.09375 0.0828125
22 0.41796875 0.20390625 0.13125 0.08125
18 0.63984375 0.196875 0.165625 0.0890625
7 0.51328125 0.21328125 0.1140625 0.0609375
16 0.64375 0.44375 0.0796875 0.0578125
27 0.58125 0.453125 0.096875 0.0609375
8 0.428125 0.46328125 0.125 0.0578125