1 0.45 0.58828125 0.1109375 0.0984375
28 0.6703125 0.6 0.1359375 0.090625
22 0.5390625 0.60234375 0.10625 0.0859375
15 0.66875 0.85625 0.0984375 0.1140625
16 0.4953125 0.8703125 0.09375 0.071875
25 0.41953125 0.9015625 0.1109375 0.1140625
18 0.40703125 0.1859375 0.1703125 0.1234375
6 0.625 0.21328125 0.065625 0.0578125
11 0.6875 0.21875 0.0875 0.0421875
17 0.5375 0.22734375 0.084375 0.0390625
20 0.5328125 0.41640625 0.0796875 0.1328125
10 0.4 0.425 0.0421875 0.103125
0 0.63984375 0.44765625 0.1171875 0.0703125
27 0.42734375 0.45625 0.08125 0.0578125