20 0.66328125 0.5671875 0.071875 0.1328125
5 0.3828125 0.58359375 0.0921875 0.1171875
17 0.56484375 0.61328125 0.0828125 0.040625
13 0.58515625 0.8125 0.0609375 0.15625
10 0.3765625 0.83984375 0.0359375 0.1
12 0.55546875 0.90234375 0.1734375 0.08125
16 0.40078125 0.921875 0.1109375 0.121875
5 0.38984375 0.16953125 0.1078125 0.1515625
25 0.49921875 0.203125 0.1296875 0.0796875
22 0.659375 0.2171875 0.13125 0.06875
27 0.62421875 0.44609375 0.0796875 0.0578125
19 0.42578125 0.4453125 0.09375 0.08125