19 0.58125 0.5859375 0.0796875 0.0703125
14 0.6765625 0.5984375 0.10625 0.090625
29 0.46015625 0.609375 0.175 0.065625
25 0.403125 0.8578125 0.1140625 0.1171875
7 0.63046875 0.87734375 0.16875 0.109375
24 0.5203125 0.8859375 0.090625 0.0859375
2 0.496875 0.94609375 0.1578125 0.0546875
18 0.7140625 0.171875 0.1203125 0.1625
4 0.62265625 0.225 0.0765625 0.05
8 0.46796875 0.21640625 0.1890625 0.053125
20 0.4390625 0.4109375 0.0953125 0.1421875
10 0.52421875 0.421875 0.05 0.1078125
15 0.67109375 0.43671875 0.125 0.103125
21 0.56171875 0.45 0.15 0.08125