15 0.4125 0.5859375 0.0921875 0.096875
28 0.6671875 0.609375 0.1359375 0.096875
23 0.52734375 0.62734375 0.0828125 0.0546875
21 0.5828125 0.8765625 0.09375 0.115625
16 0.66640625 0.8828125 0.10625 0.10625
11 0.49609375 0.88125 0.0984375 0.0890625
26 0.40859375 0.884375 0.1234375 0.121875
20 0.70234375 0.1796875 0.090625 0.146875
19 0.60859375 0.2046875 0.1109375 0.090625
27 0.434375 0.209375 0.0734375 0.046875
7 0.46640625 0.44296875 0.165625 0.0984375
22 0.55546875 0.45546875 0.11875 0.06875
6 0.63984375 0.45859375 0.065625 0.0609375
3 0.69296875 0.4609375 0.053125 0.06875