17 0.4125 0.475 0.0953125 0.0421875
15 0.4140625 0.5875 0.10625 0.1125
6 0.66484375 0.60546875 0.075 0.065625
8 0.5375 0.615625 0.128125 0.075
14 0.5671875 0.8546875 0.1375 0.0921875
5 0.57109375 0.8734375 0.115625 0.159375
3 0.6578125 0.8890625 0.0515625 0.075
7 0.4328125 0.92421875 0.140625 0.128125
20 0.396875 0.18125 0.0765625 0.128125
19 0.6578125 0.20078125 0.0921875 0.071875
1 0.53984375 0.21015625 0.1265625 0.0609375
13 0.54140625 0.40078125 0.0703125 0.165625
23 0.67109375 0.45 0.1046875 0.053125