20 0.65703125 0.57109375 0.0796875 0.134375
5 0.3890625 0.58203125 0.084375 0.109375
15 0.46875 0.59921875 0.103125 0.103125
22 0.56953125 0.61015625 0.1 0.0890625
3 0.66328125 0.62265625 0.053125 0.0671875
25 0.61171875 0.83359375 0.103125 0.1015625
1 0.52578125 0.87890625 0.11875 0.1015625
12 0.40546875 0.8828125 0.1234375 0.0984375
26 0.659375 0.90546875 0.1453125 0.1140625
13 0.52890625 0.15859375 0.075 0.1796875
20 0.428125 0.17734375 0.0875 0.128125
23 0.6671875 0.22734375 0.103125 0.0421875
21 0.5109375 0.45 0.1421875 0.0765625
16 0.65625 0.45703125 0.1109375 0.071875
6 0.4046875 0.4546875 0.0625 0.0546875