14 0.6859375 0.596875 0.0984375 0.09375
1 0.59140625 0.6171875 0.115625 0.078125
9 0.43828125 0.62265625 0.1359375 0.053125
11 0.634375 0.87265625 0.0375 0.040625
11 0.69609375 0.8859375 0.0609375 0.0796875
0 0.56640625 0.8859375 0.06875 0.10625
18 0.44453125 0.89609375 0.1796875 0.1453125
0 0.65390625 0.9140625 0.059375 0.0671875
15 0.70078125 0.2 0.09375 0.0921875
26 0.609375 0.2234375 0.1078125 0.040625
23 0.40625 0.221875 0.0875 0.0375
17 0.5140625 0.225 0.084375 0.0296875
28 0.44296875 0.44609375 0.184375 0.084375
27 0.62265625 0.45859375 0.0703125 0.0578125