5 0.4359375 0.5546875 0.1015625 0.121875
19 0.4015625 0.6 0.0890625 0.090625
28 0.6671875 0.603125 0.13125 0.096875
26 0.5328125 0.6125 0.1453125 0.0734375
1 0.690625 0.8734375 0.1078125 0.1265625
9 0.4375 0.9015625 0.115625 0.0828125
3 0.5875 0.9171875 0.053125 0.078125
25 0.4203125 0.196875 0.13125 0.0921875
27 0.559375 0.2109375 0.071875 0.05
17 0.684375 0.228125 0.0890625 0.0234375
22 0.5359375 0.4453125 0.1015625 0.075
6 0.6109375 0.4484375 0.0671875 0.05
11 0.634375 0.4578125 0.1765625 0.059375
12 0.4171875 0.4609375 0.1203125 0.0578125