28 0.64375 0.59375 0.1453125 0.1
25 0.4203125 0.58828125 0.1125 0.0953125
16 0.5171875 0.59921875 0.115625 0.0765625
13 0.54921875 0.8265625 0.0765625 0.1671875
5 0.4125 0.859375 0.1 0.1484375
0 0.64296875 0.87265625 0.1140625 0.0984375
13 0.66484375 0.16640625 0.0640625 0.1421875
20 0.40859375 0.171875 0.0734375 0.1296875
1 0.67109375 0.22109375 0.140625 0.0625
26 0.51171875 0.21875 0.1484375 0.0578125
21 0.69375 0.45546875 0.078125 0.0796875
21 0.625 0.4546875 0.053125 0.0484375
27 0.4125 0.4484375 0.059375 0.0640625
9 0.5421875 0.465625 0.165625 0.04375