12 0.67890625 0.4578125 0.1421875 0.059375
15 0.415625 0.5875 0.103125 0.1109375
18 0.51796875 0.59765625 0.18125 0.096875
7 0.678125 0.5890625 0.165625 0.103125
14 0.56953125 0.8484375 0.134375 0.1015625
10 0.6625 0.859375 0.0453125 0.096875
16 0.44375 0.8953125 0.11875 0.1171875
21 0.64375 0.91484375 0.2359375 0.1453125
19 0.65625 0.19609375 0.1 0.0703125
11 0.40390625 0.225 0.090625 0.04375
23 0.53359375 0.21796875 0.09375 0.0453125
22 0.5359375 0.43828125 0.1109375 0.0828125
27 0.43046875 0.45546875 0.096875 0.0625