21 0.5390625 0.57734375 0.190625 0.0875
19 0.4265625 0.603125 0.1171875 0.0796875
15 0.434375 0.86484375 0.128125 0.1
29 0.67265625 0.8921875 0.1390625 0.1140625
24 0.57578125 0.8921875 0.0953125 0.0875
5 0.46953125 0.18046875 0.0859375 0.128125
7 0.578125 0.2140625 0.1078125 0.0796875
3 0.415625 0.2125 0.059375 0.0640625
0 0.696875 0.221875 0.0734375 0.071875
13 0.4453125 0.39609375 0.0609375 0.1578125
27 0.66796875 0.446875 0.0484375 0.05625
4 0.42109375 0.4578125 0.075 0.0625
8 0.53515625 0.46640625 0.1265625 0.053125