12 0.678125 0.459375 0.1421875 0.0578125
15 0.415625 0.5875 0.10625 0.109375
18 0.52578125 0.60546875 0.2078125 0.1046875
6 0.66171875 0.60859375 0.0671875 0.0609375
14 0.5578125 0.8546875 0.11875 0.1015625
5 0.56484375 0.87265625 0.0921875 0.15
3 0.653125 0.89140625 0.053125 0.0734375
7 0.42890625 0.9203125 0.1359375 0.1296875
20 0.403125 0.18125 0.0765625 0.1296875
19 0.66640625 0.2015625 0.096875 0.0703125
1 0.54453125 0.2140625 0.125 0.0609375
22 0.53828125 0.440625 0.1125 0.078125
8 0.43125 0.46484375 0.1296875 0.0640625