0 0.565625 0.59453125 0.1359375 0.09375
29 0.68359375 0.6015625 0.146875 0.078125
8 0.43984375 0.61015625 0.128125 0.075
12 0.59921875 0.8828125 0.1421875 0.1078125
7 0.45078125 0.8890625 0.14375 0.125
2 0.703125 0.89140625 0.090625 0.0875
10 0.7 0.18203125 0.046875 0.1046875
19 0.41328125 0.209375 0.1078125 0.06875
3 0.64296875 0.20859375 0.0578125 0.059375
27 0.53828125 0.2171875 0.0671875 0.0515625
28 0.68828125 0.434375 0.1328125 0.0953125
24 0.5578125 0.44609375 0.11875 0.0609375
4 0.446875 0.4578125 0.1078125 0.0515625