5 0.48046875 0.56171875 0.0890625 0.1234375
16 0.56328125 0.60234375 0.1203125 0.0921875
1 0.41328125 0.6078125 0.109375 0.0859375
19 0.5109375 0.8625 0.1140625 0.0984375
11 0.41328125 0.8828125 0.0828125 0.0796875
12 0.68046875 0.8765625 0.1390625 0.0984375
20 0.4078125 0.178125 0.071875 0.13125
5 0.6859375 0.18515625 0.0953125 0.103125
22 0.51015625 0.21328125 0.115625 0.0671875
13 0.55546875 0.39609375 0.075 0.1546875
18 0.4375 0.45078125 0.1859375 0.0953125
3 0.6484375 0.44921875 0.0515625 0.0625