26 0.66171875 0.4625 0.175 0.0578125
1 0.4546875 0.59296875 0.1078125 0.10625
28 0.66875 0.5984375 0.1359375 0.09375
22 0.540625 0.60546875 0.1046875 0.090625
15 0.66875 0.8578125 0.096875 0.0953125
16 0.496875 0.86875 0.1 0.075
3 0.565625 0.87734375 0.05625 0.05625
25 0.41640625 0.9015625 0.1078125 0.125
8 0.5921875 0.934375 0.165625 0.06875
18 0.40546875 0.1875 0.1734375 0.1125
6 0.6203125 0.21328125 0.071875 0.0515625
11 0.690625 0.21875 0.084375 0.0375
17 0.540625 0.22578125 0.08125 0.0359375
20 0.5328125 0.41171875 0.084375 0.1296875
10 0.403125 0.41875 0.0421875 0.0890625
27 0.42578125 0.45625 0.08125 0.059375