23 0.6390625 0.4671875 0.08125 0.040625
5 0.4421875 0.5640625 0.1015625 0.1171875
28 0.66875 0.6015625 0.1328125 0.0953125
26 0.5359375 0.6109375 0.1484375 0.0765625
1 0.690625 0.875 0.115625 0.109375
9 0.434375 0.90625 0.1203125 0.0734375
3 0.5875 0.9171875 0.0640625 0.0859375
16 0.4390625 0.2078125 0.109375 0.053125
27 0.5546875 0.2109375 0.053125 0.05
6 0.6421875 0.221875 0.0765625 0.0578125
11 0.7 0.2265625 0.090625 0.04375
18 0.4359375 0.4078125 0.16875 0.1703125
22 0.54375 0.44375 0.0921875 0.078125