28 0.67578125 0.5953125 0.1421875 0.1015625
22 0.54453125 0.60546875 0.10625 0.090625
23 0.41875 0.6265625 0.0921875 0.053125
18 0.709375 0.84609375 0.1078125 0.2234375
14 0.62265625 0.86875 0.096875 0.1171875
9 0.45390625 0.9015625 0.1375 0.0859375
19 0.4 0.2046875 0.115625 0.0953125
27 0.53984375 0.20859375 0.05625 0.05
6 0.62734375 0.21484375 0.06875 0.05
11 0.68359375 0.21484375 0.0890625 0.046875
10 0.65859375 0.39765625 0.04375 0.06875
25 0.42734375 0.43046875 0.125 0.0765625
7 0.6828125 0.440625 0.121875 0.096875
21 0.42734375 0.46171875 0.1859375 0.08125
26 0.57734375 0.45546875 0.1328125 0.06875