12 0.546875 0.471875 0.14375 0.05
5 0.55 0.5890625 0.1078125 0.1109375
22 0.65 0.590625 0.09375 0.071875
18 0.4296875 0.60625 0.171875 0.071875
27 0.6328125 0.8875 0.078125 0.0703125
17 0.4515625 0.8890625 0.0828125 0.0578125
20 0.390625 0.175 0.0796875 0.1359375
20 0.5578125 0.1796875 0.075 0.1203125
26 0.5859375 0.209375 0.196875 0.065625
0 0.4671875 0.215625 0.0984375 0.059375
3 0.6828125 0.215625 0.053125 0.053125
14 0.63125 0.4359375 0.1328125 0.0796875
28 0.403125 0.4484375 0.125 0.0859375