20 0.66171875 0.56953125 0.075 0.134375
5 0.3921875 0.57734375 0.0875 0.1078125
17 0.56328125 0.61640625 0.084375 0.05
13 0.5828125 0.8125 0.0671875 0.15
10 0.37265625 0.83828125 0.0375 0.1015625
12 0.55 0.90390625 0.1765625 0.084375
16 0.39609375 0.915625 0.1125 0.1140625
5 0.39921875 0.16953125 0.103125 0.1515625
25 0.50546875 0.203125 0.1296875 0.084375
22 0.66328125 0.21796875 0.13125 0.0734375
19 0.42265625 0.4421875 0.096875 0.0765625
11 0.628125 0.4578125 0.1296875 0.04375
26 0.5265625 0.46015625 0.1328125 0.0671875