26 0.58515625 0.475 0.071875 0.040625
25 0.5828125 0.55625 0.1046875 0.05
19 0.42890625 0.56953125 0.0859375 0.0625
3 0.675 0.59375 0.0515625 0.059375
14 0.596875 0.6 0.14375 0.096875
6 0.7078125 0.63203125 0.0828125 0.0625
17 0.440625 0.62734375 0.1015625 0.0359375
13 0.61015625 0.82890625 0.06875 0.16875
23 0.50703125 0.83359375 0.071875 0.0609375
20 0.67265625 0.84375 0.0703125 0.1234375
16 0.421875 0.84765625 0.1125 0.096875
1 0.53046875 0.878125 0.1296875 0.0953125
11 0.38984375 0.92578125 0.0953125 0.084375
12 0.65234375 0.93828125 0.10625 0.0765625
9 0.509375 0.94765625 0.1328125 0.075
18 0.40234375 0.15390625 0.1265625 0.1796875
20 0.7 0.18359375 0.071875 0.125
15 0.6203125 0.18359375 0.0765625 0.0515625
10 0.728125 0.1953125 0.05 0.1140625
21 0.61484375 0.21328125 0.1765625 0.084375
22 0.49609375 0.2140625 0.1046875 0.0546875
5 0.5125 0.4140625 0.09375 0.134375
7 0.68515625 0.4265625 0.1171875 0.1390625
5 0.59921875 0.4265625 0.103125 0.103125
0 0.43203125 0.44140625 0.1078125 0.05625
27 0.4484375 0.453125 0.0953125 0.0625
26 0.6640625 0.46484375 0.0890625 0.0734375