7 0.59140625 0.559375 0.1640625 0.0890625
14 0.3703125 0.5828125 0.109375 0.0875
18 0.584375 0.59375 0.1578125 0.1078125
9 0.475 0.59453125 0.1265625 0.0953125
15 0.34375 0.86328125 0.090625 0.1078125
23 0.45390625 0.871875 0.096875 0.0671875
8 0.60546875 0.88203125 0.1375 0.109375
10 0.4671875 0.190625 0.040625 0.0984375
19 0.36171875 0.2015625 0.10625 0.084375
22 0.53515625 0.21015625 0.1171875 0.0765625
1 0.61796875 0.21796875 0.0953125 0.06875
28 0.3828125 0.41640625 0.14375 0.08125
25 0.621875 0.44765625 0.1296875 0.0984375
17 0.4921875 0.459375 0.0921875 0.0421875