5 0.48515625 0.5609375 0.0921875 0.1140625
23 0.40546875 0.6140625 0.0875 0.0578125
26 0.67578125 0.6234375 0.121875 0.0734375
17 0.54765625 0.62265625 0.09375 0.0484375
11 0.4015625 0.878125 0.0984375 0.08125
12 0.65859375 0.8875 0.134375 0.096875
1 0.54609375 0.90546875 0.1390625 0.0890625
5 0.70859375 0.19453125 0.08125 0.1015625
7 0.4453125 0.21953125 0.1765625 0.0546875
13 0.565625 0.39296875 0.0703125 0.1484375
18 0.45546875 0.44140625 0.1703125 0.0890625
22 0.54453125 0.46171875 0.128125 0.0671875
8 0.66640625 0.4640625 0.1296875 0.059375