23 0.7046875 0.46875 0.0890625 0.053125
4 0.6546875 0.5984375 0.0828125 0.0546875
27 0.521875 0.5984375 0.0859375 0.0625
13 0.4203125 0.6015625 0.0625 0.0953125
18 0.6171875 0.8046875 0.16875 0.1046875
16 0.4171875 0.8890625 0.09375 0.0859375
12 0.6625 0.9015625 0.1421875 0.1046875
17 0.54375 0.9125 0.10625 0.075
22 0.6296875 0.2203125 0.0921875 0.0515625
11 0.43125 0.221875 0.09375 0.0390625
26 0.5359375 0.2265625 0.1328125 0.034375
20 0.4328125 0.4125 0.078125 0.1234375
8 0.58125 0.4609375 0.125 0.0515625