17 0.55625 0.46328125 0.0703125 0.04375
11 0.43984375 0.46953125 0.184375 0.0546875
20 0.66796875 0.55859375 0.0765625 0.1359375
5 0.39375 0.58046875 0.0828125 0.1265625
27 0.546875 0.5953125 0.0828125 0.0703125
13 0.6046875 0.8171875 0.075 0.165625
10 0.39765625 0.84609375 0.0390625 0.1015625
16 0.42578125 0.925 0.115625 0.1171875
5 0.37734375 0.17421875 0.1171875 0.1515625
19 0.48515625 0.20625 0.109375 0.071875
22 0.64765625 0.21328125 0.1390625 0.065625
25 0.65234375 0.43984375 0.1171875 0.0890625