16 0.5078125 0.5921875 0.1609375 0.071875
3 0.403125 0.6078125 0.0515625 0.0640625
26 0.66171875 0.615625 0.1609375 0.0640625
13 0.58671875 0.821875 0.0609375 0.1703125
13 0.590625 0.84375 0.0640625 0.15625
19 0.5015625 0.8640625 0.1078125 0.0921875
11 0.41015625 0.8828125 0.0828125 0.0796875
20 0.41484375 0.178125 0.0671875 0.1328125
5 0.68828125 0.1875 0.0796875 0.10625
22 0.5203125 0.21328125 0.1125 0.0609375
18 0.44296875 0.44765625 0.1796875 0.0828125
7 0.62890625 0.45703125 0.159375 0.065625