15 0.53984375 0.46640625 0.0578125 0.053125
5 0.43828125 0.56328125 0.1078125 0.1296875
19 0.4046875 0.6 0.096875 0.0984375
28 0.671875 0.609375 0.13125 0.0859375
26 0.53046875 0.61328125 0.1453125 0.0703125
1 0.684375 0.8765625 0.1171875 0.1234375
9 0.43046875 0.90234375 0.1265625 0.084375
3 0.58046875 0.91875 0.0578125 0.078125
10 0.60546875 0.184375 0.0484375 0.115625
25 0.42734375 0.1953125 0.140625 0.078125
27 0.5671875 0.21484375 0.071875 0.0515625
23 0.675 0.2296875 0.090625 0.0296875
22 0.53515625 0.44609375 0.096875 0.06875
21 0.64609375 0.46015625 0.1609375 0.0765625
12 0.41796875 0.459375 0.128125 0.0546875