20 0.66640625 0.55859375 0.075 0.134375
5 0.3984375 0.58515625 0.0875 0.1078125
17 0.57109375 0.61171875 0.084375 0.05
13 0.6046875 0.80625 0.0671875 0.15
10 0.39609375 0.84609375 0.0375 0.1015625
12 0.578125 0.89921875 0.1765625 0.084375
16 0.42578125 0.921875 0.1125 0.1140625
5 0.37578125 0.17734375 0.103125 0.1515625
25 0.48515625 0.203125 0.1296875 0.084375
22 0.64296875 0.20703125 0.13125 0.0734375
19 0.41875 0.4484375 0.096875 0.0765625
11 0.625 0.4484375 0.1296875 0.04375
26 0.5234375 0.45859375 0.1328125 0.0671875