28 0.459375 0.590625 0.1296875 0.0828125
29 0.69296875 0.59921875 0.1109375 0.0515625
24 0.58984375 0.6078125 0.1015625 0.0671875
7 0.60859375 0.83046875 0.125 0.1109375
5 0.50546875 0.8359375 0.071875 0.125
22 0.7 0.90703125 0.103125 0.075
16 0.68359375 0.2109375 0.103125 0.0578125
4 0.4515625 0.221875 0.0984375 0.05
17 0.6 0.22265625 0.1015625 0.0359375
13 0.65234375 0.39140625 0.071875 0.15
15 0.69140625 0.43046875 0.1046875 0.096875
8 0.4640625 0.45625 0.13125 0.053125
11 0.5953125 0.4546875 0.0875 0.0515625