26 0.57890625 0.46875 0.071875 0.040625
5 0.4640625 0.56953125 0.090625 0.134375
20 0.4046875 0.578125 0.078125 0.140625
25 0.5578125 0.57734375 0.1203125 0.090625
3 0.646875 0.60234375 0.053125 0.065625
13 0.67734375 0.825 0.0734375 0.1625
13 0.709375 0.84609375 0.0703125 0.1671875
1 0.5875 0.8484375 0.1359375 0.0984375
21 0.41640625 0.8875 0.1109375 0.11875
18 0.3875 0.1640625 0.1546875 0.1609375
20 0.51640625 0.1765625 0.08125 0.1296875
15 0.60234375 0.1953125 0.0984375 0.0875
6 0.696875 0.2140625 0.075 0.046875
7 0.6875 0.4171875 0.1140625 0.153125
10 0.39140625 0.4359375 0.0421875 0.1140625
19 0.54296875 0.43671875 0.0796875 0.0765625
22 0.45703125 0.44765625 0.0953125 0.0671875
26 0.65703125 0.4546875 0.0921875 0.065625