10 0.48046875 0.56796875 0.04375 0.121875
28 0.66953125 0.59453125 0.1390625 0.1046875
23 0.4203125 0.628125 0.0953125 0.053125
18 0.70859375 0.84453125 0.1125 0.225
7 0.52734375 0.87421875 0.134375 0.109375
9 0.46015625 0.90390625 0.1421875 0.0859375
19 0.396875 0.2078125 0.1125 0.0921875
27 0.53828125 0.21015625 0.05625 0.05
6 0.62578125 0.20859375 0.0640625 0.0546875
11 0.68203125 0.21171875 0.103125 0.0390625
25 0.42890625 0.42578125 0.1203125 0.0703125
22 0.5390625 0.44296875 0.0953125 0.071875
16 0.66171875 0.44609375 0.11875 0.071875
21 0.43515625 0.4625 0.1921875 0.0859375