22 0.54140625 0.60078125 0.109375 0.0984375
28 0.67109375 0.59609375 0.1453125 0.0984375
23 0.4203125 0.625 0.090625 0.05
18 0.70703125 0.84140625 0.1109375 0.2265625
14 0.61796875 0.86328125 0.096875 0.109375
27 0.53671875 0.20859375 0.0578125 0.0515625
6 0.62109375 0.21015625 0.0703125 0.046875
11 0.68203125 0.21171875 0.0859375 0.040625
10 0.6546875 0.40859375 0.04375 0.090625
25 0.4265625 0.44140625 0.1171875 0.0921875
7 0.6859375 0.43671875 0.109375 0.08125
26 0.57109375 0.45703125 0.128125 0.0640625
21 0.4296875 0.46640625 0.1671875 0.078125