2 0.54765625 0.47265625 0.0859375 0.03125
5 0.453125 0.57265625 0.08125 0.1171875
29 0.55625 0.60546875 0.1078125 0.053125
27 0.6796875 0.603125 0.1 0.0515625
20 0.69375 0.8515625 0.078125 0.1328125
7 0.6140625 0.8625 0.0984375 0.115625
26 0.5140625 0.86875 0.096875 0.0875
19 0.428125 0.875 0.0859375 0.0953125
14 0.46796875 0.20703125 0.109375 0.06875
16 0.6859375 0.2109375 0.096875 0.0546875
22 0.553125 0.21328125 0.0875 0.0546875
13 0.6234375 0.39453125 0.05625 0.1515625
3 0.67578125 0.440625 0.046875 0.0609375
4 0.44296875 0.45390625 0.0703125 0.0515625