5 0.43203125 0.5625 0.096875 0.128125
28 0.66875 0.6046875 0.1328125 0.096875
14 0.4078125 0.609375 0.1171875 0.0984375
26 0.53203125 0.61484375 0.1453125 0.071875
5 0.5734375 0.8546875 0.0953125 0.115625
1 0.6859375 0.8796875 0.1109375 0.1234375
9 0.42578125 0.903125 0.128125 0.0875
19 0.41015625 0.1984375 0.103125 0.0859375
27 0.5640625 0.21328125 0.0640625 0.0515625
17 0.690625 0.2328125 0.0921875 0.028125
10 0.67734375 0.4390625 0.0515625 0.1171875
6 0.61328125 0.43984375 0.0640625 0.028125
22 0.53671875 0.44609375 0.0984375 0.075
16 0.43671875 0.45546875 0.1109375 0.0671875
11 0.65390625 0.45859375 0.1328125 0.0546875