20 0.66171875 0.56953125 0.078125 0.134375
5 0.390625 0.59140625 0.0859375 0.14375
17 0.56484375 0.61640625 0.0828125 0.0484375
13 0.5828125 0.8109375 0.0703125 0.1453125
10 0.37265625 0.84140625 0.0375 0.1046875
12 0.55 0.90546875 0.178125 0.0859375
16 0.39296875 0.9203125 0.11875 0.1265625
5 0.396875 0.17578125 0.1125 0.1640625
25 0.50390625 0.203125 0.13125 0.0796875
0 0.58828125 0.2140625 0.1890625 0.075
22 0.6984375 0.22578125 0.0671875 0.05625
19 0.42734375 0.44296875 0.1015625 0.084375
11 0.63125 0.459375 0.134375 0.05
26 0.528125 0.46015625 0.1296875 0.071875