0 0.434375 0.59609375 0.1203125 0.0734375
24 0.52890625 0.6109375 0.121875 0.0765625
29 0.675 0.609375 0.13125 0.0765625
7 0.6546875 0.8515625 0.1046875 0.125
27 0.45078125 0.875 0.090625 0.0671875
19 0.57890625 0.87109375 0.084375 0.08125
20 0.66875 0.165625 0.0828125 0.140625
22 0.48515625 0.21171875 0.146875 0.071875
4 0.38671875 0.22109375 0.078125 0.05
18 0.4234375 0.41640625 0.1328125 0.1484375
10 0.5140625 0.41484375 0.05 0.096875
15 0.66640625 0.42265625 0.128125 0.1078125
21 0.5546875 0.4421875 0.15625 0.0796875