27 0.51875 0.59609375 0.0953125 0.0640625
4 0.65625 0.59296875 0.084375 0.059375
13 0.42109375 0.603125 0.0671875 0.09375
18 0.46875 0.803125 0.15 0.1484375
17 0.6734375 0.85234375 0.0859375 0.06875
12 0.56484375 0.88359375 0.146875 0.109375
16 0.4265625 0.896875 0.090625 0.0890625
25 0.41484375 0.2015625 0.125 0.0953125
22 0.57109375 0.20703125 0.1125 0.071875
23 0.68515625 0.21171875 0.10625 0.053125
26 0.4359375 0.23046875 0.1609375 0.034375
20 0.58046875 0.4421875 0.14375 0.0828125
11 0.6796875 0.45 0.1203125 0.0625
8 0.4515625 0.4640625 0.1296875 0.05625