1 0.44375 0.58359375 0.0921875 0.1
28 0.665625 0.6046875 0.1359375 0.0921875
22 0.5375 0.60390625 0.10625 0.0859375
3 0.39296875 0.6171875 0.059375 0.0671875
15 0.65625 0.8640625 0.0890625 0.1125
16 0.4421875 0.86015625 0.15625 0.065625
19 0.40546875 0.9203125 0.121875 0.1046875
9 0.5484375 0.95078125 0.128125 0.0953125
27 0.53125 0.21015625 0.0546875 0.05625
6 0.634375 0.21328125 0.0703125 0.0484375
11 0.6953125 0.2234375 0.0875 0.034375
17 0.415625 0.2265625 0.0921875 0.0359375
10 0.6640625 0.4171875 0.0453125 0.0859375
20 0.5359375 0.41796875 0.0765625 0.1328125
7 0.67734375 0.4484375 0.1421875 0.0921875
25 0.44453125 0.44765625 0.121875 0.0953125
21 0.57109375 0.465625 0.0515625 0.053125