15 0.6359375 0.57734375 0.1078125 0.084375
12 0.4125 0.6 0.1015625 0.0453125
17 0.54765625 0.62890625 0.1125 0.05625
22 0.42421875 0.8796875 0.1046875 0.096875
28 0.65078125 0.88671875 0.13125 0.1140625
27 0.53671875 0.88515625 0.0703125 0.0875
25 0.65859375 0.19921875 0.1 0.075
18 0.57109375 0.2046875 0.196875 0.084375
3 0.7109375 0.21484375 0.059375 0.0640625
23 0.4140625 0.21875 0.10625 0.0421875
19 0.49921875 0.4375 0.0953125 0.0765625
14 0.40234375 0.44375 0.08125 0.0859375
7 0.65234375 0.46484375 0.1890625 0.065625