15 0.5640625 0.5859375 0.0890625 0.090625
6 0.6875 0.596875 0.0765625 0.0578125
3 0.4515625 0.6015625 0.0578125 0.06875
11 0.6828125 0.871875 0.0578125 0.0546875
22 0.434375 0.88125 0.1015625 0.1
11 0.6234375 0.8890625 0.046875 0.05625
23 0.55 0.8953125 0.0890625 0.0703125
11 0.6703125 0.9296875 0.0484375 0.0421875
20 0.4078125 0.175 0.0921875 0.1421875
0 0.678125 0.209375 0.115625 0.0640625
17 0.565625 0.225 0.0953125 0.03125
1 0.6671875 0.446875 0.1046875 0.06875
19 0.5703125 0.45 0.1125 0.0796875
27 0.453125 0.45625 0.09375 0.059375