1 0.453125 0.58671875 0.103125 0.109375
28 0.66171875 0.61171875 0.1390625 0.1
22 0.53359375 0.6046875 0.1 0.09375
3 0.3890625 0.61015625 0.0578125 0.0734375
15 0.64765625 0.87265625 0.103125 0.121875
16 0.440625 0.86328125 0.1578125 0.0703125
19 0.3921875 0.9171875 0.1125 0.1125
9 0.5359375 0.95078125 0.1484375 0.096875
27 0.56328125 0.215625 0.0578125 0.05625
6 0.65390625 0.2265625 0.0796875 0.05625
11 0.709375 0.2328125 0.0875 0.0453125
10 0.665625 0.41640625 0.0390625 0.0671875
20 0.5375 0.415625 0.0765625 0.1390625
7 0.68046875 0.459375 0.1484375 0.0984375
25 0.44609375 0.446875 0.1296875 0.096875
21 0.571875 0.46796875 0.059375 0.059375