28 0.653125 0.58671875 0.1453125 0.0921875
27 0.415625 0.6015625 0.075 0.06875
16 0.53125 0.59921875 0.1015625 0.06875
13 0.56796875 0.81796875 0.0703125 0.1515625
5 0.43125 0.8625 0.10625 0.14375
0 0.6578125 0.86328125 0.1171875 0.09375
1 0.53671875 0.91015625 0.1453125 0.0828125
13 0.64765625 0.16796875 0.06875 0.15625
20 0.39296875 0.1765625 0.0671875 0.1296875
26 0.4953125 0.2203125 0.1484375 0.053125
21 0.62421875 0.44921875 0.0515625 0.053125
19 0.40703125 0.4546875 0.0921875 0.08125
22 0.53828125 0.45390625 0.1453125 0.071875