15 0.50625 0.5875 0.0953125 0.0984375
25 0.653125 0.58671875 0.11875 0.096875
14 0.40703125 0.609375 0.1046875 0.09375
11 0.65546875 0.86640625 0.0390625 0.0359375
11 0.71328125 0.87578125 0.0578125 0.0796875
0 0.58203125 0.88671875 0.06875 0.1015625
18 0.465625 0.8984375 0.1875 0.153125
0 0.6765625 0.9 0.0640625 0.0703125
28 0.66640625 0.1953125 0.15 0.08125
23 0.3921875 0.22890625 0.0890625 0.0375
17 0.4984375 0.2296875 0.0875 0.03125
19 0.41640625 0.4328125 0.078125 0.0609375
27 0.5078125 0.4515625 0.075 0.059375
6 0.6203125 0.44921875 0.06875 0.0578125
3 0.690625 0.44765625 0.053125 0.0609375
26 0.3984375 0.4671875 0.121875 0.0703125