5 0.3921875 0.58125 0.075 0.1171875
22 0.6484375 0.59140625 0.0953125 0.08125
14 0.4734375 0.59140625 0.0890625 0.0921875
25 0.61796875 0.82578125 0.1 0.0890625
12 0.41328125 0.884375 0.1265625 0.09375
26 0.66640625 0.903125 0.13125 0.1078125
18 0.52421875 0.90390625 0.178125 0.1453125
20 0.56484375 0.18515625 0.0796875 0.121875
28 0.67109375 0.2078125 0.1390625 0.078125
27 0.42890625 0.2046875 0.1 0.059375
10 0.4015625 0.41875 0.0359375 0.096875
21 0.52578125 0.44921875 0.1421875 0.078125
8 0.67109375 0.4671875 0.1484375 0.0609375
17 0.39296875 0.4640625 0.0765625 0.034375