20 0.51953125 0.57109375 0.0765625 0.1328125
25 0.4109375 0.5953125 0.1140625 0.096875
1 0.61484375 0.61640625 0.1296875 0.0734375
15 0.60703125 0.87421875 0.0953125 0.1296875
14 0.51171875 0.87421875 0.0953125 0.1140625
0 0.68359375 0.88046875 0.0890625 0.1328125
11 0.39453125 0.878125 0.09375 0.0828125
22 0.43828125 0.19921875 0.13125 0.08125
18 0.66015625 0.20703125 0.165625 0.0890625
7 0.53359375 0.21484375 0.1140625 0.0609375
16 0.646875 0.45390625 0.0796875 0.0578125
27 0.584375 0.459375 0.096875 0.0609375
8 0.43125 0.45859375 0.125 0.0578125