28 0.540625 0.5984375 0.1828125 0.084375
4 0.4125 0.603125 0.075 0.0578125
29 0.6828125 0.60625 0.1421875 0.071875
12 0.628125 0.8765625 0.1421875 0.1
8 0.43125 0.8796875 0.1171875 0.0953125
2 0.5171875 0.8875 0.0671875 0.0765625
7 0.396875 0.1890625 0.0890625 0.1109375
15 0.659375 0.1984375 0.1296875 0.0875
27 0.5453125 0.2171875 0.0609375 0.04375
10 0.6046875 0.4171875 0.040625 0.1015625
19 0.5265625 0.4484375 0.1125 0.0671875
3 0.4328125 0.4546875 0.053125 0.065625
24 0.6859375 0.459375 0.096875 0.053125