11 0.39609375 0.46953125 0.1046875 0.0515625
20 0.66640625 0.55703125 0.0765625 0.1390625
5 0.39375 0.58828125 0.0890625 0.109375
27 0.5421875 0.5921875 0.0765625 0.0703125
13 0.603125 0.809375 0.065625 0.1546875
10 0.39453125 0.84609375 0.0375 0.1
12 0.5765625 0.89921875 0.178125 0.0828125
16 0.42265625 0.921875 0.1171875 0.1234375
23 0.6859375 0.9453125 0.1171875 0.0828125
5 0.37734375 0.17734375 0.121875 0.1484375
19 0.48046875 0.20859375 0.1109375 0.075
22 0.64296875 0.20859375 0.1265625 0.071875
25 0.65234375 0.43984375 0.1171875 0.090625
17 0.54375 0.4625 0.0828125 0.034375