20 0.6828125 0.5546875 0.078125 0.1375
5 0.4078125 0.5875 0.0984375 0.1140625
1 0.528125 0.5921875 0.11875 0.0828125
6 0.6453125 0.6140625 0.078125 0.0671875
13 0.62265625 0.8109375 0.0703125 0.1609375
3 0.42265625 0.871875 0.05 0.0703125
10 0.4375 0.89453125 0.04375 0.1078125
27 0.59765625 0.90625 0.09375 0.0921875
22 0.65703125 0.20546875 0.134375 0.06875
23 0.49921875 0.221875 0.0921875 0.0421875
14 0.5390625 0.44296875 0.10625 0.1109375
19 0.42109375 0.45234375 0.1 0.0828125
21 0.690625 0.44140625 0.0828125 0.075
21 0.61953125 0.4484375 0.05625 0.059375