0 0.428125 0.590625 0.11875 0.06875
24 0.52109375 0.61328125 0.1203125 0.071875
29 0.66640625 0.621875 0.1296875 0.071875
7 0.6296875 0.86171875 0.1 0.121875
27 0.425 0.8703125 0.0890625 0.0640625
19 0.553125 0.87578125 0.0828125 0.078125
20 0.69140625 0.178125 0.078125 0.1390625
22 0.5046875 0.2109375 0.1453125 0.0671875
4 0.40625 0.2140625 0.0765625 0.046875
18 0.4296875 0.4109375 0.128125 0.14375
10 0.5203125 0.415625 0.046875 0.0953125
15 0.671875 0.434375 0.125 0.103125
21 0.55859375 0.44609375 0.1546875 0.075