5 0.4359375 0.553125 0.1109375 0.1125
28 0.66171875 0.61171875 0.134375 0.0984375
14 0.40546875 0.5984375 0.1140625 0.0984375
26 0.52578125 0.6109375 0.1515625 0.084375
1 0.6640625 0.8859375 0.1140625 0.128125
9 0.41640625 0.90078125 0.1265625 0.090625
3 0.5640625 0.91953125 0.05625 0.078125
19 0.4203125 0.1953125 0.0984375 0.0828125
27 0.57265625 0.2140625 0.0703125 0.05625
17 0.7 0.23984375 0.0796875 0.0359375
5 0.42734375 0.43046875 0.10625 0.115625
10 0.6796875 0.44375 0.0609375 0.1203125
6 0.6140625 0.44375 0.0671875 0.03125
22 0.5359375 0.44375 0.1078125 0.084375
11 0.65703125 0.4640625 0.140625 0.053125