15 0.5 0.5875 0.0953125 0.0984375
14 0.4015625 0.6046875 0.103125 0.1015625
1 0.59453125 0.6171875 0.1171875 0.06875
11 0.6359375 0.87265625 0.0390625 0.0375
11 0.69296875 0.884375 0.0578125 0.078125
0 0.56328125 0.89140625 0.0703125 0.103125
18 0.44296875 0.89609375 0.1859375 0.153125
0 0.65390625 0.9109375 0.0640625 0.06875
28 0.68046875 0.2046875 0.1484375 0.084375
23 0.40625 0.2234375 0.084375 0.0359375
17 0.5125 0.2296875 0.0953125 0.0390625
19 0.415625 0.4296875 0.0875 0.0671875
8 0.54609375 0.45546875 0.125 0.0453125
27 0.62109375 0.45859375 0.0734375 0.05625
26 0.39765625 0.4625 0.1171875 0.075