25 0.6390625 0.58359375 0.11875 0.09375
1 0.5328125 0.59765625 0.1390625 0.096875
3 0.4015625 0.60625 0.0515625 0.0640625
15 0.675 0.86875 0.090625 0.1171875
16 0.42265625 0.8875 0.1046875 0.096875
21 0.55390625 0.88828125 0.1015625 0.13125
27 0.465625 0.21328125 0.0984375 0.0546875
6 0.6921875 0.2140625 0.0734375 0.046875
17 0.603125 0.23125 0.090625 0.0234375
7 0.6875 0.41875 0.0984375 0.134375
10 0.38984375 0.434375 0.040625 0.1140625
19 0.60078125 0.4421875 0.0984375 0.09375
22 0.46328125 0.44765625 0.1078125 0.0609375