12 0.65703125 0.4625 0.1515625 0.05625
20 0.65859375 0.5640625 0.0703125 0.1359375
5 0.3875 0.58671875 0.08125 0.1171875
15 0.46875 0.59921875 0.1 0.1
1 0.5859375 0.6078125 0.1296875 0.0828125
3 0.66796875 0.6140625 0.053125 0.0671875
25 0.62734375 0.82734375 0.1015625 0.0984375
10 0.396875 0.84375 0.0390625 0.0984375
23 0.53671875 0.88671875 0.09375 0.0796875
11 0.64921875 0.90234375 0.1375 0.084375
9 0.43125 0.9375 0.1546875 0.096875
17 0.6046875 0.9625 0.109375 0.065625
13 0.5015625 0.1609375 0.0765625 0.190625
20 0.41015625 0.18125 0.08125 0.1265625
16 0.6203125 0.21328125 0.1078125 0.0640625
21 0.50546875 0.4484375 0.146875 0.0890625
6 0.40078125 0.459375 0.0640625 0.0546875