18 0.46953125 0.55859375 0.171875 0.1109375
3 0.6609375 0.6015625 0.053125 0.0671875
24 0.565625 0.60390625 0.0953125 0.065625
26 0.40859375 0.615625 0.0859375 0.059375
19 0.58984375 0.8828125 0.096875 0.084375
21 0.68359375 0.884375 0.1140625 0.128125
0 0.42578125 0.8828125 0.121875 0.096875
13 0.60234375 0.1703125 0.071875 0.15625
25 0.70703125 0.20234375 0.1296875 0.0921875
28 0.44453125 0.19921875 0.134375 0.0859375
20 0.4296875 0.4046875 0.0765625 0.121875
27 0.66640625 0.45 0.0859375 0.059375
8 0.53984375 0.45703125 0.1640625 0.0609375