1 0.44375 0.5859375 0.1109375 0.09375
22 0.53671875 0.6046875 0.103125 0.0984375
28 0.66171875 0.60859375 0.1375 0.09375
3 0.39453125 0.61328125 0.05625 0.0703125
18 0.68125 0.85625 0.109375 0.2359375
19 0.49921875 0.8734375 0.0921875 0.1078125
12 0.3953125 0.896875 0.1046875 0.1078125
26 0.55859375 0.2125 0.05625 0.046875
6 0.64921875 0.21875 0.0671875 0.059375
11 0.709375 0.22890625 0.0875 0.0390625
9 0.4265625 0.22890625 0.1484375 0.0296875
10 0.665625 0.42265625 0.0453125 0.0921875
25 0.43125 0.41796875 0.1171875 0.071875
7 0.6859375 0.45625 0.1140625 0.0921875
21 0.4296875 0.45390625 0.175 0.090625
26 0.5796875 0.4609375 0.13125 0.0671875