12 0.659375 0.47421875 0.153125 0.0609375
20 0.65390625 0.575 0.075 0.1375
5 0.38203125 0.578125 0.0859375 0.1203125
15 0.46171875 0.596875 0.103125 0.103125
1 0.57890625 0.61328125 0.1328125 0.0875
3 0.659375 0.62578125 0.0546875 0.06875
25 0.6046875 0.8359375 0.1046875 0.1015625
10 0.37265625 0.8359375 0.0421875 0.1
23 0.509375 0.88828125 0.096875 0.0828125
11 0.62109375 0.91171875 0.140625 0.0875
9 0.40078125 0.93125 0.1578125 0.1015625
17 0.5734375 0.965625 0.1125 0.065625
13 0.52578125 0.16171875 0.0828125 0.1921875
20 0.4328125 0.17578125 0.0859375 0.1296875
16 0.63984375 0.22265625 0.109375 0.06875
21 0.50859375 0.44921875 0.15 0.09375
6 0.40390625 0.45234375 0.065625 0.05625