26 0.39453125 0.46875 0.121875 0.0625
15 0.50625 0.5859375 0.0875 0.0984375
25 0.6515625 0.58984375 0.1171875 0.1
11 0.6484375 0.86953125 0.0359375 0.0390625
0 0.57578125 0.8796875 0.071875 0.1046875
22 0.44296875 0.88359375 0.1234375 0.08125
11 0.70703125 0.88046875 0.059375 0.078125
0 0.66953125 0.9046875 0.0625 0.065625
28 0.66953125 0.1984375 0.14375 0.0859375
23 0.3953125 0.225 0.0890625 0.040625
17 0.5 0.2296875 0.09375 0.034375
19 0.41640625 0.4375 0.08125 0.0734375
27 0.50703125 0.45 0.071875 0.05625
6 0.62109375 0.44921875 0.071875 0.0578125
3 0.69140625 0.4515625 0.053125 0.065625