0 0.4328125 0.59375 0.121875 0.0703125
24 0.52578125 0.61171875 0.1234375 0.0703125
2 0.66015625 0.615625 0.084375 0.05
27 0.4375 0.87265625 0.0921875 0.0578125
19 0.5640625 0.87265625 0.08125 0.08125
29 0.68203125 0.9015625 0.140625 0.10625
20 0.68046875 0.171875 0.0765625 0.1359375
22 0.4953125 0.2109375 0.14375 0.065625
4 0.3984375 0.215625 0.0765625 0.046875
18 0.425 0.4140625 0.128125 0.146875
10 0.51875 0.4203125 0.0453125 0.1015625
15 0.66875 0.4265625 0.1203125 0.103125
21 0.55703125 0.44609375 0.1484375 0.078125