1 0.45625 0.590625 0.10625 0.0953125
28 0.665625 0.59609375 0.1359375 0.1
22 0.54296875 0.60625 0.1015625 0.0875
3 0.39453125 0.62109375 0.059375 0.0703125
16 0.459375 0.8609375 0.1546875 0.0609375
15 0.675 0.8546875 0.0890625 0.1359375
19 0.42890625 0.925 0.121875 0.1234375
9 0.578125 0.94921875 0.1453125 0.0921875
27 0.51484375 0.20703125 0.0546875 0.0546875
6 0.62265625 0.209375 0.0703125 0.053125
11 0.68359375 0.215625 0.0890625 0.0390625
17 0.3984375 0.23125 0.0921875 0.0375
10 0.6578125 0.40859375 0.046875 0.0796875
20 0.5296875 0.41796875 0.0796875 0.128125
18 0.44375 0.446875 0.1671875 0.096875
7 0.67734375 0.4390625 0.1328125 0.090625
21 0.56875 0.46171875 0.0703125 0.0609375