26 0.584375 0.4765625 0.0859375 0.0390625
5 0.45234375 0.53671875 0.0953125 0.0671875
25 0.54921875 0.56953125 0.1046875 0.0671875
3 0.6734375 0.5890625 0.0515625 0.0375
28 0.59140625 0.609375 0.16875 0.0984375
14 0.43984375 0.603125 0.15625 0.0984375
6 0.70546875 0.634375 0.078125 0.0625
13 0.65 0.83359375 0.0703125 0.15
16 0.41484375 0.84453125 0.09375 0.090625
13 0.6828125 0.86015625 0.0796875 0.175
9 0.515625 0.8546875 0.0953125 0.0625
20 0.59296875 0.87109375 0.078125 0.1390625
1 0.659375 0.92578125 0.134375 0.1265625
8 0.49375 0.921875 0.1140625 0.140625
11 0.38359375 0.92578125 0.103125 0.0953125
18 0.41015625 0.15234375 0.125 0.184375
20 0.69765625 0.18515625 0.06875 0.128125
15 0.62734375 0.184375 0.075 0.0484375
10 0.73515625 0.19765625 0.05 0.1125
21 0.621875 0.2109375 0.175 0.078125
22 0.50078125 0.2171875 0.1 0.0578125
7 0.69609375 0.42421875 0.1109375 0.1515625
19 0.5484375 0.43671875 0.090625 0.0765625
0 0.4390625 0.4375 0.1140625 0.065625
27 0.44765625 0.45 0.0953125 0.065625
26 0.6640625 0.46796875 0.084375 0.06875