23 0.57578125 0.47109375 0.1015625 0.0453125
5 0.44140625 0.56171875 0.1140625 0.1125
28 0.67578125 0.5984375 0.1328125 0.0953125
14 0.41796875 0.6109375 0.11875 0.103125
26 0.53828125 0.6109375 0.1515625 0.075
1 0.70078125 0.87265625 0.115625 0.125
9 0.4546875 0.909375 0.1234375 0.0921875
3 0.6015625 0.9125 0.0609375 0.08125
19 0.39609375 0.203125 0.0921875 0.0890625
27 0.54921875 0.209375 0.0671875 0.0515625
17 0.675 0.2234375 0.0828125 0.025
6 0.61015625 0.43671875 0.0703125 0.0359375
22 0.53359375 0.440625 0.1015625 0.0765625
11 0.65 0.45078125 0.134375 0.05625
12 0.4203125 0.4640625 0.128125 0.0578125