20 0.67578125 0.5703125 0.078125 0.134375
14 0.4390625 0.58046875 0.0984375 0.090625
25 0.5546875 0.58828125 0.109375 0.0953125
13 0.5953125 0.81015625 0.0671875 0.140625
3 0.390625 0.86484375 0.0484375 0.06875
10 0.40390625 0.8875 0.040625 0.109375
28 0.58203125 0.925 0.153125 0.1234375
27 0.65546875 0.21484375 0.0609375 0.0515625
23 0.5140625 0.221875 0.096875 0.0375
5 0.4296875 0.41953125 0.1140625 0.1390625
19 0.534375 0.446875 0.0921875 0.08125
21 0.69375 0.45703125 0.0796875 0.0734375
21 0.6203125 0.45859375 0.05 0.05625