20 0.67421875 0.5734375 0.0796875 0.134375
14 0.43828125 0.5796875 0.1 0.0921875
25 0.553125 0.5890625 0.1109375 0.096875
13 0.58984375 0.81171875 0.0703125 0.1421875
3 0.38359375 0.86328125 0.05 0.0703125
10 0.396875 0.8859375 0.04375 0.109375
28 0.575 0.9265625 0.1546875 0.1265625
27 0.66015625 0.2171875 0.0625 0.053125
23 0.51953125 0.22265625 0.096875 0.0390625
5 0.43046875 0.41796875 0.115625 0.1421875
19 0.5359375 0.446875 0.09375 0.0828125
21 0.69453125 0.46015625 0.0796875 0.075
21 0.62109375 0.4609375 0.0515625 0.0578125