20 0.6640625 0.5640625 0.06875 0.1328125
5 0.390625 0.5796875 0.0796875 0.115625
18 0.5125 0.6015625 0.2046875 0.0984375
13 0.5921875 0.815625 0.0609375 0.159375
3 0.390625 0.86875 0.046875 0.0671875
10 0.4046875 0.890625 0.0390625 0.109375
27 0.5640625 0.9125 0.0875 0.0890625
5 0.390625 0.1734375 0.103125 0.1453125
25 0.49375 0.2015625 0.128125 0.0765625
0 0.575 0.2109375 0.184375 0.06875
22 0.6875 0.21875 0.0640625 0.0515625
19 0.4234375 0.446875 0.09375 0.075
11 0.6296875 0.4546875 0.1328125 0.0453125
26 0.528125 0.459375 0.128125 0.06875