5 0.4359375 0.5578125 0.1078125 0.128125
28 0.66484375 0.60859375 0.1421875 0.1015625
26 0.528125 0.6140625 0.1515625 0.0828125
6 0.40078125 0.6078125 0.0671875 0.0640625
1 0.67109375 0.884375 0.125 0.1375
9 0.41796875 0.90078125 0.1234375 0.0828125
3 0.5640625 0.92109375 0.05625 0.08125
27 0.57265625 0.2140625 0.0640625 0.05625
23 0.6828125 0.2375 0.0875 0.0296875
25 0.4390625 0.415625 0.109375 0.0625
10 0.6390625 0.43828125 0.046875 0.10625
22 0.5453125 0.44453125 0.096875 0.0796875
16 0.4515625 0.46171875 0.171875 0.0671875