10 0.478125 0.56796875 0.0390625 0.1203125
28 0.665625 0.6 0.1359375 0.1
23 0.41640625 0.625 0.09375 0.05
18 0.696875 0.8515625 0.1046875 0.221875
7 0.5140625 0.875 0.13125 0.1046875
9 0.44609375 0.90234375 0.140625 0.08125
19 0.40703125 0.2046875 0.109375 0.0875
27 0.5484375 0.21171875 0.0546875 0.0484375
6 0.6359375 0.21328125 0.0625 0.053125
11 0.6921875 0.21875 0.1015625 0.0359375
25 0.43125 0.4234375 0.11875 0.065625
22 0.54140625 0.44453125 0.09375 0.06875
16 0.66328125 0.4515625 0.1171875 0.0671875
21 0.43671875 0.46015625 0.190625 0.0796875