12 0.6578125 0.465625 0.15 0.053125
20 0.6578125 0.5671875 0.06875 0.134375
5 0.3859375 0.584375 0.0796875 0.115625
15 0.4671875 0.5984375 0.0984375 0.0984375
1 0.584375 0.609375 0.128125 0.08125
3 0.665625 0.6171875 0.0515625 0.065625
25 0.621875 0.8296875 0.1 0.096875
10 0.390625 0.8421875 0.0375 0.0984375
23 0.5296875 0.8875 0.0921875 0.078125
11 0.6421875 0.9046875 0.1359375 0.08125
9 0.4234375 0.9359375 0.153125 0.09375
17 0.596875 0.9640625 0.1078125 0.0640625
13 0.5078125 0.1609375 0.0734375 0.1890625
20 0.415625 0.1796875 0.0796875 0.125
16 0.625 0.215625 0.10625 0.0625
21 0.50625 0.4484375 0.1453125 0.0859375
6 0.4015625 0.4578125 0.0625 0.053125