15 0.5375 0.4640625 0.0578125 0.053125
5 0.44140625 0.56640625 0.1109375 0.13125
19 0.41015625 0.6046875 0.0984375 0.1
28 0.67734375 0.6 0.1328125 0.0890625
26 0.53671875 0.6109375 0.1453125 0.071875
1 0.70390625 0.86640625 0.1203125 0.1265625
9 0.4515625 0.9046875 0.128125 0.0875
3 0.60234375 0.9140625 0.059375 0.078125
10 0.5890625 0.1796875 0.0515625 0.115625
25 0.41171875 0.2 0.1421875 0.0796875
27 0.55234375 0.21171875 0.071875 0.053125
23 0.6609375 0.22109375 0.0921875 0.03125
22 0.5328125 0.44453125 0.096875 0.0703125
21 0.64375 0.453125 0.1625 0.0796875
12 0.415625 0.4640625 0.128125 0.0578125