17 0.390625 0.46171875 0.0828125 0.0421875
20 0.65390625 0.5734375 0.0765625 0.134375
5 0.38515625 0.575 0.078125 0.121875
14 0.4671875 0.584375 0.0890625 0.0890625
22 0.56640625 0.61328125 0.1078125 0.0890625
25 0.6046875 0.8359375 0.1046875 0.10625
1 0.51484375 0.8765625 0.128125 0.1046875
12 0.396875 0.88125 0.1265625 0.1015625
26 0.64921875 0.91171875 0.1328125 0.1109375
13 0.52890625 0.16015625 0.078125 0.18125
20 0.4328125 0.17578125 0.0859375 0.1296875
15 0.63125 0.1984375 0.1265625 0.1078125
3 0.4328125 0.44453125 0.05 0.0625
21 0.50859375 0.45234375 0.140625 0.0796875
16 0.65234375 0.4609375 0.1171875 0.0765625