15 0.50625 0.5875 0.0984375 0.1015625
14 0.40859375 0.6109375 0.10625 0.1046875
1 0.603125 0.61015625 0.11875 0.0734375
11 0.66171875 0.8625 0.040625 0.0390625
11 0.71953125 0.8703125 0.0609375 0.0796875
0 0.590625 0.88671875 0.0734375 0.1046875
18 0.47109375 0.89921875 0.190625 0.159375
0 0.68203125 0.89921875 0.065625 0.0703125
28 0.659375 0.19296875 0.1515625 0.0890625
23 0.3875 0.23046875 0.0859375 0.0390625
17 0.49375 0.2296875 0.096875 0.0421875
19 0.4109375 0.4359375 0.0890625 0.0703125
8 0.54296875 0.45234375 0.1265625 0.05
27 0.61796875 0.45 0.075 0.0578125
26 0.3953125 0.46953125 0.11875 0.0796875