26 0.58046875 0.471875 0.071875 0.040625
5 0.4609375 0.56796875 0.090625 0.134375
20 0.4015625 0.575 0.078125 0.140625
25 0.5546875 0.57890625 0.1203125 0.090625
3 0.64375 0.60703125 0.053125 0.065625
13 0.66640625 0.83125 0.0734375 0.1625
13 0.696875 0.853125 0.0703125 0.1671875
1 0.575 0.8515625 0.1359375 0.0984375
21 0.40234375 0.884375 0.1109375 0.11875
18 0.4 0.1609375 0.1546875 0.1609375
20 0.52734375 0.17734375 0.08125 0.1296875
15 0.61328125 0.1984375 0.0984375 0.0875
6 0.70625 0.22109375 0.075 0.046875
7 0.690625 0.4234375 0.1140625 0.153125
10 0.39296875 0.4328125 0.0421875 0.1140625
19 0.54453125 0.43828125 0.0796875 0.0765625
22 0.45859375 0.44609375 0.0953125 0.0671875
26 0.65859375 0.4609375 0.0921875 0.065625