7 0.59375 0.55 0.1671875 0.0796875
18 0.5859375 0.5875 0.1640625 0.1
17 0.37890625 0.6046875 0.084375 0.04375
15 0.37109375 0.875 0.0828125 0.0984375
23 0.47890625 0.87734375 0.10625 0.0578125
10 0.4453125 0.196875 0.0375 0.103125
19 0.34609375 0.21015625 0.1109375 0.078125
22 0.51953125 0.20859375 0.109375 0.0734375
1 0.60234375 0.21328125 0.090625 0.0609375
5 0.36328125 0.4375 0.071875 0.1
14 0.45234375 0.440625 0.090625 0.084375
25 0.62109375 0.43984375 0.1375 0.1015625
3 0.51875 0.45859375 0.0546875 0.0640625