10 0.48046875 0.56953125 0.0453125 0.1203125
28 0.67109375 0.59296875 0.1390625 0.1015625
23 0.415625 0.628125 0.084375 0.053125
8 0.6640625 0.8828125 0.11875 0.103125
9 0.45703125 0.909375 0.1203125 0.0890625
19 0.4046875 0.2046875 0.1015625 0.0890625
27 0.53828125 0.21015625 0.059375 0.05625
6 0.62734375 0.20703125 0.071875 0.05
11 0.68046875 0.21171875 0.1015625 0.05
25 0.43046875 0.42109375 0.0984375 0.0515625
22 0.5390625 0.44140625 0.096875 0.08125
16 0.66015625 0.44765625 0.1109375 0.0765625
21 0.42890625 0.46328125 0.1953125 0.071875