15 0.4984375 0.5875 0.096875 0.1
14 0.39921875 0.603125 0.1046875 0.103125
1 0.59296875 0.61875 0.1171875 0.071875
11 0.62890625 0.875 0.040625 0.0390625
11 0.68671875 0.88828125 0.059375 0.078125
0 0.55625 0.89296875 0.071875 0.103125
18 0.4359375 0.89453125 0.1875 0.15625
0 0.646875 0.91328125 0.0640625 0.06875
28 0.68515625 0.2078125 0.15 0.0859375
23 0.4109375 0.221875 0.0859375 0.0375
17 0.5171875 0.23046875 0.096875 0.040625
19 0.41640625 0.428125 0.0875 0.06875
8 0.546875 0.45625 0.1265625 0.0484375
27 0.621875 0.46015625 0.0734375 0.0578125
26 0.3984375 0.46015625 0.11875 0.078125