25 0.5828125 0.5765625 0.109375 0.090625
9 0.38125 0.5765625 0.04375 0.14375
20 0.6921875 0.584375 0.075 0.1421875
1 0.459375 0.5890625 0.1203125 0.075
14 0.6125 0.590625 0.1296875 0.0859375
13 0.6734375 0.8171875 0.0546875 0.153125
13 0.6125 0.8203125 0.0671875 0.1640625
7 0.43125 0.8609375 0.1375 0.1203125
17 0.5421875 0.8734375 0.075 0.0609375
0 0.6625 0.8875 0.1296875 0.090625
18 0.41875 0.1828125 0.1625 0.1203125
15 0.6921875 0.19375 0.084375 0.0953125
22 0.6015625 0.209375 0.10625 0.0640625
26 0.4796875 0.2203125 0.14375 0.053125
28 0.440625 0.4484375 0.1796875 0.0796875
27 0.6453125 0.4546875 0.0984375 0.0578125