15 0.4078125 0.58125 0.0984375 0.1
25 0.5109375 0.59296875 0.115625 0.103125
27 0.62265625 0.6078125 0.0984375 0.065625
11 0.62265625 0.87890625 0.040625 0.0375
11 0.68125 0.89296875 0.065625 0.0828125
22 0.4109375 0.88046875 0.1234375 0.0875
0 0.55 0.8921875 0.06875 0.1046875
0 0.6421875 0.915625 0.0609375 0.0703125
28 0.6953125 0.21015625 0.15625 0.0875
23 0.41796875 0.21875 0.0859375 0.0359375
17 0.5265625 0.22890625 0.096875 0.04375
19 0.4171875 0.434375 0.0921875 0.0953125
6 0.62421875 0.459375 0.06875 0.059375
3 0.69609375 0.46640625 0.05625 0.06875
16 0.521875 0.46484375 0.1046875 0.071875