17 0.3890625 0.4671875 0.08125 0.0375
20 0.6578125 0.565625 0.0703125 0.13125
5 0.3890625 0.58125 0.071875 0.11875
14 0.471875 0.5859375 0.084375 0.084375
22 0.571875 0.609375 0.103125 0.084375
25 0.621875 0.8296875 0.1 0.1015625
1 0.534375 0.875 0.1234375 0.0984375
12 0.4171875 0.8859375 0.121875 0.0953125
26 0.6703125 0.903125 0.128125 0.1046875
13 0.5109375 0.159375 0.06875 0.178125
20 0.415625 0.1796875 0.0796875 0.125
15 0.615625 0.1921875 0.121875 0.1015625
3 0.4296875 0.4484375 0.046875 0.059375
21 0.50625 0.4515625 0.1375 0.071875
16 0.65 0.453125 0.1140625 0.0703125