20 0.659375 0.5640625 0.0703125 0.1328125
5 0.3890625 0.5828125 0.0765625 0.125
15 0.4703125 0.6 0.096875 0.1046875
3 0.665625 0.6171875 0.0515625 0.0640625
25 0.6234375 0.8296875 0.1 0.0984375
10 0.390625 0.8421875 0.0375 0.0984375
1 0.5375 0.8765625 0.115625 0.0953125
11 0.6484375 0.9109375 0.1265625 0.06875
9 0.4234375 0.9375 0.153125 0.0921875
13 0.5125 0.159375 0.071875 0.175
20 0.415625 0.1796875 0.0828125 0.125
23 0.6546875 0.221875 0.0984375 0.0390625
21 0.5046875 0.45 0.1421875 0.08125
16 0.6515625 0.4546875 0.1125 0.078125
6 0.4015625 0.4578125 0.0609375 0.053125