20 0.6578125 0.5640625 0.071875 0.1328125
5 0.39375 0.58125 0.071875 0.125
15 0.4703125 0.6 0.0984375 0.1015625
22 0.5703125 0.6109375 0.1015625 0.084375
3 0.665625 0.6171875 0.053125 0.065625
25 0.621875 0.8296875 0.1 0.1015625
10 0.3890625 0.8421875 0.0375 0.0984375
1 0.5359375 0.878125 0.1171875 0.0953125
9 0.4234375 0.9375 0.153125 0.0921875
13 0.5109375 0.1625 0.0703125 0.1875
20 0.415625 0.1796875 0.08125 0.128125
23 0.6546875 0.221875 0.1 0.0390625
21 0.50625 0.45 0.1359375 0.0828125
16 0.6515625 0.4515625 0.1125 0.065625
6 0.4015625 0.4578125 0.0609375 0.053125