17 0.55859375 0.46796875 0.0703125 0.04375
11 0.4421875 0.46484375 0.184375 0.0546875
20 0.66328125 0.56953125 0.0765625 0.1359375
5 0.38828125 0.57265625 0.0828125 0.1265625
27 0.540625 0.5984375 0.0828125 0.0703125
13 0.5828125 0.8234375 0.075 0.165625
10 0.37421875 0.83828125 0.0390625 0.1015625
16 0.39609375 0.91875 0.115625 0.1171875
5 0.40078125 0.16640625 0.1171875 0.1515625
19 0.50546875 0.20625 0.109375 0.071875
22 0.6671875 0.22421875 0.1390625 0.065625
25 0.65625 0.45078125 0.1171875 0.0890625