17 0.39140625 0.465625 0.0859375 0.0375
20 0.62734375 0.56796875 0.0734375 0.1328125
5 0.384375 0.58828125 0.0828125 0.1234375
14 0.465625 0.59140625 0.0921875 0.0953125
22 0.5671875 0.609375 0.1046875 0.0875
25 0.61796875 0.82578125 0.1046875 0.090625
12 0.41484375 0.8859375 0.13125 0.1
18 0.51953125 0.89140625 0.184375 0.140625
26 0.66171875 0.903125 0.1296875 0.1078125
20 0.56328125 0.18515625 0.078125 0.121875
28 0.67109375 0.209375 0.1390625 0.0796875
19 0.41953125 0.20625 0.1125 0.0796875
10 0.4015625 0.4203125 0.0359375 0.1015625
21 0.50859375 0.45 0.140625 0.0765625
16 0.65390625 0.45703125 0.109375 0.0703125