20 0.66484375 0.5671875 0.075 0.134375
5 0.3859375 0.58359375 0.0890625 0.1234375
18 0.515625 0.6015625 0.2109375 0.1078125
13 0.58828125 0.8171875 0.0671875 0.1609375
10 0.3796875 0.83984375 0.0375 0.096875
27 0.56015625 0.91328125 0.1 0.090625
5 0.390625 0.16171875 0.1234375 0.1453125
25 0.49921875 0.2015625 0.134375 0.0765625
0 0.58125 0.2125 0.184375 0.06875
22 0.6921875 0.221875 0.0625 0.0515625
19 0.42421875 0.4484375 0.090625 0.084375
11 0.63046875 0.45703125 0.1328125 0.0453125
26 0.52578125 0.45859375 0.1328125 0.0671875