23 0.4734375 0.4703125 0.0890625 0.0453125
26 0.575 0.46796875 0.075 0.034375
5 0.46328125 0.54765625 0.1 0.1046875
25 0.56171875 0.56875 0.1171875 0.0859375
3 0.678125 0.5796875 0.0609375 0.0671875
28 0.46640625 0.609375 0.196875 0.1109375
8 0.646875 0.6109375 0.159375 0.059375
13 0.68515625 0.815625 0.0640625 0.15
16 0.45234375 0.846875 0.1015625 0.0703125
13 0.72109375 0.840625 0.078125 0.1734375
21 0.55 0.85078125 0.0921875 0.0765625
20 0.63125 0.8578125 0.078125 0.140625
9 0.4453125 0.9140625 0.134375 0.0921875
1 0.703125 0.91015625 0.1375 0.1296875
12 0.54453125 0.928125 0.0828125 0.0828125
11 0.434375 0.97578125 0.0390625 0.0359375
18 0.37890625 0.159375 0.13125 0.190625
20 0.6671875 0.1703125 0.071875 0.1421875
10 0.70390625 0.1765625 0.046875 0.1265625
15 0.59296875 0.18828125 0.09375 0.0890625
22 0.47890625 0.21328125 0.1265625 0.0703125
7 0.684375 0.41171875 0.1171875 0.1578125
19 0.53828125 0.43046875 0.078125 0.0734375
0 0.4328125 0.44375 0.1140625 0.071875
26 0.65859375 0.45078125 0.0953125 0.06875
6 0.390625 0.46796875 0.0671875 0.0578125