5 0.48359375 0.56015625 0.09375 0.115625
23 0.40390625 0.6125 0.0875 0.059375
26 0.6734375 0.6265625 0.1234375 0.0765625
17 0.54609375 0.6234375 0.09375 0.05
11 0.39453125 0.8765625 0.1 0.0828125
12 0.65234375 0.88984375 0.1359375 0.1
1 0.5390625 0.90625 0.140625 0.090625
5 0.7140625 0.19765625 0.0828125 0.103125
7 0.45078125 0.21875 0.1765625 0.0578125
13 0.56796875 0.39453125 0.071875 0.1484375
18 0.45703125 0.440625 0.171875 0.0921875
22 0.5453125 0.4625 0.128125 0.0703125
8 0.6671875 0.46640625 0.1296875 0.0625