20 0.68046875 0.5609375 0.0734375 0.1359375
5 0.4046875 0.584375 0.09375 0.1109375
1 0.525 0.59296875 0.1171875 0.078125
6 0.64140625 0.61953125 0.0765625 0.065625
13 0.61171875 0.815625 0.065625 0.159375
3 0.409375 0.86875 0.0484375 0.06875
10 0.42421875 0.8921875 0.0390625 0.10625
27 0.58359375 0.909375 0.090625 0.0890625
22 0.6671875 0.2109375 0.1328125 0.0640625
23 0.509375 0.221875 0.090625 0.0390625
14 0.54140625 0.44453125 0.103125 0.1078125
19 0.42265625 0.45 0.096875 0.0796875
21 0.69296875 0.4484375 0.08125 0.071875
21 0.62109375 0.45234375 0.0546875 0.0578125