20 0.6625 0.55703125 0.08125 0.134375
5 0.396875 0.59140625 0.0859375 0.1109375
15 0.47734375 0.6015625 0.1046875 0.1046875
22 0.57890625 0.60390625 0.1015625 0.090625
3 0.6734375 0.60859375 0.0546875 0.06875
25 0.640625 0.82265625 0.1046875 0.103125
1 0.55859375 0.87578125 0.1203125 0.103125
12 0.4390625 0.88984375 0.125 0.1
26 0.69375 0.890625 0.1484375 0.1171875
13 0.49921875 0.15703125 0.078125 0.18125
20 0.40078125 0.184375 0.0890625 0.1296875
23 0.64296875 0.2140625 0.103125 0.04375
21 0.50703125 0.44921875 0.1421875 0.0796875
16 0.6515625 0.44375 0.1125 0.075
6 0.40078125 0.46328125 0.0640625 0.05625