10 0.47578125 0.56640625 0.0390625 0.1203125
28 0.6625 0.60625 0.1359375 0.1
23 0.41171875 0.621875 0.09375 0.05
18 0.684375 0.8578125 0.1046875 0.221875
7 0.5015625 0.875 0.13125 0.1046875
9 0.43203125 0.90078125 0.140625 0.08125
19 0.41796875 0.2015625 0.109375 0.0875
27 0.5578125 0.21328125 0.0546875 0.0484375
6 0.6453125 0.21796875 0.0625 0.053125
11 0.7015625 0.225 0.1015625 0.0359375
25 0.434375 0.42109375 0.11875 0.065625
22 0.54296875 0.44609375 0.09375 0.06875
16 0.66484375 0.4578125 0.1171875 0.0671875
21 0.43828125 0.45859375 0.190625 0.0796875