1 0.4421875 0.584375 0.1125 0.096875
22 0.53515625 0.60546875 0.1046875 0.1
28 0.66015625 0.61171875 0.1390625 0.0953125
3 0.3921875 0.61171875 0.05625 0.071875
18 0.675 0.859375 0.1140625 0.2375
19 0.49296875 0.8734375 0.09375 0.109375
12 0.38828125 0.89453125 0.10625 0.109375
26 0.56328125 0.2140625 0.05625 0.0484375
6 0.65390625 0.221875 0.06875 0.0609375
11 0.7140625 0.2328125 0.0875 0.040625
9 0.43125 0.22734375 0.1484375 0.0328125
10 0.66640625 0.42578125 0.046875 0.0921875
25 0.43203125 0.41640625 0.11875 0.0734375
7 0.68671875 0.459375 0.115625 0.0953125
21 0.43046875 0.45234375 0.1765625 0.09375
26 0.58046875 0.46171875 0.1328125 0.06875