19 0.4234375 0.578125 0.0921875 0.08125
28 0.66875 0.6 0.125 0.09375
26 0.53203125 0.61328125 0.153125 0.075
8 0.65859375 0.89921875 0.1265625 0.1046875
9 0.44140625 0.90859375 0.1171875 0.078125
27 0.5515625 0.21015625 0.0546875 0.05
16 0.4234375 0.215625 0.1125 0.05625
6 0.6375 0.21484375 0.06875 0.05625
11 0.6953125 0.2171875 0.0953125 0.04375
25 0.43125 0.41875 0.1078125 0.05625
10 0.6625 0.425 0.040625 0.1171875
22 0.54296875 0.44296875 0.09375 0.0765625
21 0.43828125 0.46015625 0.184375 0.078125