0 0.434375 0.59609375 0.11875 0.0734375
24 0.52578125 0.61171875 0.1234375 0.0703125
2 0.66171875 0.61484375 0.0859375 0.0515625
27 0.4453125 0.86328125 0.0921875 0.0640625
19 0.575 0.86328125 0.0875 0.0859375
29 0.6890625 0.9 0.140625 0.1109375
20 0.67421875 0.1671875 0.084375 0.1375
22 0.41015625 0.2109375 0.115625 0.071875
4 0.54921875 0.215625 0.109375 0.0515625
18 0.425 0.41484375 0.1359375 0.14375
15 0.66328125 0.42578125 0.1296875 0.10625
10 0.50859375 0.43125 0.046875 0.1140625
21 0.56875 0.44453125 0.096875 0.084375