25 0.559375 0.57421875 0.1171875 0.0953125
9 0.3828125 0.57890625 0.0421875 0.1453125
1 0.4578125 0.58515625 0.1234375 0.0703125
14 0.675 0.5953125 0.109375 0.096875
23 0.45546875 0.62578125 0.0890625 0.05625
13 0.61796875 0.81640625 0.06875 0.15625
13 0.68203125 0.8171875 0.0609375 0.159375
7 0.4421875 0.86796875 0.13125 0.109375
17 0.55 0.87109375 0.075 0.0671875
0 0.66796875 0.8875 0.13125 0.0859375
15 0.68671875 0.1921875 0.09375 0.090625
26 0.6 0.2171875 0.1109375 0.053125
28 0.44453125 0.45234375 0.184375 0.090625
27 0.62421875 0.45390625 0.071875 0.059375