15 0.4078125 0.5859375 0.0921875 0.0953125
25 0.5109375 0.59375 0.1125 0.096875
27 0.6265625 0.603125 0.096875 0.059375
1 0.41875 0.875 0.096875 0.08125
11 0.68125 0.8796875 0.0984375 0.0828125
26 0.5015625 0.890625 0.08125 0.090625
26 0.6046875 0.8984375 0.0578125 0.078125
20 0.6953125 0.171875 0.0890625 0.134375
17 0.5078125 0.2265625 0.0828125 0.0265625
28 0.4265625 0.4421875 0.1546875 0.084375
6 0.634375 0.453125 0.065625 0.0546875
23 0.5703125 0.4578125 0.075 0.04375
3 0.690625 0.4578125 0.0515625 0.065625