14 0.434375 0.59296875 0.090625 0.078125
21 0.6734375 0.5890625 0.1125 0.09375
27 0.5546875 0.59375 0.090625 0.0640625
24 0.415625 0.8640625 0.0796875 0.128125
12 0.57734375 0.87421875 0.1828125 0.0921875
18 0.39609375 0.16875 0.1015625 0.1625
22 0.59140625 0.1984375 0.1125 0.0828125
16 0.48359375 0.21171875 0.0953125 0.0671875
3 0.68671875 0.20859375 0.0609375 0.0671875
10 0.69140625 0.42578125 0.0484375 0.1140625
1 0.60546875 0.43828125 0.1296875 0.065625
4 0.584375 0.4578125 0.0984375 0.0546875