5 0.4375 0.55390625 0.1078125 0.1109375
28 0.66328125 0.60859375 0.1328125 0.096875
14 0.40703125 0.6 0.1125 0.0953125
26 0.52734375 0.61015625 0.1515625 0.08125
1 0.67109375 0.8828125 0.1125 0.125
9 0.4234375 0.90234375 0.125 0.0890625
3 0.57109375 0.91875 0.05625 0.0765625
19 0.41484375 0.196875 0.096875 0.08125
27 0.56796875 0.21328125 0.06875 0.0546875
17 0.6953125 0.23671875 0.0796875 0.034375
5 0.42578125 0.43203125 0.103125 0.1140625
10 0.67890625 0.440625 0.059375 0.11875
6 0.61328125 0.44140625 0.0671875 0.0296875
22 0.53515625 0.44375 0.10625 0.0828125
11 0.65625 0.46171875 0.140625 0.05