17 0.63359375 0.465625 0.0796875 0.0375
15 0.4125 0.5859375 0.1015625 0.1078125
18 0.52578125 0.60234375 0.20625 0.103125
6 0.66328125 0.60703125 0.0703125 0.0625
14 0.5578125 0.85 0.1265625 0.0828125
5 0.56640625 0.86953125 0.1015625 0.1546875
3 0.653125 0.89140625 0.053125 0.0734375
7 0.42578125 0.9234375 0.1421875 0.125
20 0.4015625 0.1796875 0.0765625 0.13125
19 0.66328125 0.2046875 0.09375 0.071875
1 0.54453125 0.2125 0.1296875 0.059375
22 0.53671875 0.440625 0.1109375 0.078125
8 0.43125 0.46640625 0.1296875 0.0640625