0 0.428125 0.59140625 0.11875 0.0734375
24 0.51796875 0.61328125 0.1234375 0.0703125
2 0.65390625 0.62578125 0.0859375 0.0515625
27 0.4203125 0.85859375 0.0921875 0.0640625
19 0.55 0.86796875 0.0875 0.0859375
29 0.6609375 0.9125 0.140625 0.1109375
20 0.696875 0.18046875 0.084375 0.1375
22 0.43046875 0.20546875 0.115625 0.071875
4 0.56953125 0.21953125 0.109375 0.0515625
18 0.43125 0.41015625 0.1359375 0.14375
15 0.66796875 0.43671875 0.1296875 0.10625
10 0.51328125 0.43203125 0.046875 0.1140625
21 0.571875 0.44921875 0.096875 0.084375