26 0.58359375 0.4734375 0.0734375 0.034375
5 0.4609375 0.5484375 0.096875 0.1015625
25 0.559375 0.58046875 0.1125 0.090625
3 0.66875 0.5921875 0.0625 0.0671875
28 0.45546875 0.6 0.190625 0.1078125
23 0.62578125 0.6203125 0.0953125 0.05
13 0.66171875 0.82890625 0.065625 0.14375
20 0.58828125 0.846875 0.0703125 0.1328125
16 0.42265625 0.84140625 0.0921875 0.0796875
13 0.6890625 0.86640625 0.0734375 0.1796875
1 0.66640625 0.921875 0.1359375 0.125
21 0.40234375 0.9171875 0.1328125 0.125
12 0.51640625 0.92421875 0.0953125 0.08125
18 0.4125 0.1515625 0.13125 0.190625
20 0.5296875 0.17734375 0.0828125 0.14375
15 0.6265625 0.19609375 0.1015625 0.0953125
6 0.7109375 0.22890625 0.0625 0.046875
7 0.68828125 0.4265625 0.1078125 0.1484375
10 0.38984375 0.43046875 0.0421875 0.1203125
19 0.54609375 0.4359375 0.0796875 0.075
0 0.4578125 0.4515625 0.10625 0.075
26 0.6625 0.46640625 0.0875 0.075