5 0.43515625 0.55390625 0.103125 0.1234375
19 0.4 0.5984375 0.090625 0.0921875
28 0.665625 0.60625 0.1328125 0.0984375
26 0.53046875 0.61328125 0.146875 0.0765625
1 0.684375 0.8765625 0.109375 0.128125
9 0.43046875 0.90078125 0.1171875 0.084375
3 0.58046875 0.91875 0.0546875 0.0796875
25 0.42578125 0.1953125 0.1328125 0.09375
27 0.5640625 0.21171875 0.0734375 0.0515625
17 0.6890625 0.23125 0.0890625 0.025
22 0.53671875 0.44609375 0.103125 0.0765625
6 0.61171875 0.45 0.06875 0.0515625
11 0.63515625 0.46015625 0.178125 0.0625
12 0.41796875 0.459375 0.121875 0.059375