23 0.63984375 0.471875 0.0828125 0.04375
5 0.43984375 0.56171875 0.10625 0.1203125
28 0.66484375 0.60703125 0.1359375 0.1
26 0.53203125 0.6125 0.1515625 0.08125
1 0.67734375 0.88125 0.11875 0.1140625
9 0.4203125 0.90390625 0.1234375 0.078125
3 0.57265625 0.9203125 0.0671875 0.0875
16 0.44921875 0.20625 0.1109375 0.05625
27 0.56484375 0.21328125 0.0546875 0.0515625
6 0.6515625 0.22734375 0.078125 0.0609375
11 0.709375 0.23359375 0.0921875 0.046875
18 0.4390625 0.40546875 0.175 0.1765625
22 0.5453125 0.4453125 0.0953125 0.08125