14 0.434375 0.59453125 0.0953125 0.0796875
27 0.5578125 0.59140625 0.0921875 0.0703125
21 0.678125 0.5890625 0.1140625 0.0921875
18 0.665625 0.81328125 0.1453125 0.1671875
24 0.4171875 0.8625 0.0859375 0.121875
12 0.53203125 0.88359375 0.1734375 0.1234375
3 0.39453125 0.215625 0.0671875 0.0703125
16 0.46953125 0.21484375 0.121875 0.0671875
1 0.65859375 0.21015625 0.1046875 0.0625
17 0.578125 0.228125 0.1078125 0.0296875
10 0.69140625 0.42578125 0.046875 0.1125
22 0.584375 0.44375 0.1421875 0.09375