20 0.67734375 0.5671875 0.075 0.1328125
14 0.440625 0.58203125 0.096875 0.0890625
25 0.55625 0.58671875 0.1078125 0.09375
13 0.60078125 0.8078125 0.065625 0.140625
3 0.396875 0.8671875 0.0484375 0.06875
10 0.41015625 0.8890625 0.0390625 0.1078125
28 0.58984375 0.9234375 0.15 0.121875
27 0.65 0.21171875 0.0609375 0.0515625
23 0.509375 0.221875 0.0953125 0.0359375
5 0.428125 0.4203125 0.1125 0.1375
19 0.53359375 0.44609375 0.090625 0.0796875
21 0.69296875 0.453125 0.078125 0.071875
21 0.61953125 0.45703125 0.05 0.05625