20 0.5203125 0.5703125 0.0734375 0.13125
25 0.4125 0.596875 0.1125 0.0953125
1 0.61640625 0.61484375 0.1296875 0.0703125
15 0.6140625 0.87265625 0.0921875 0.128125
14 0.51875 0.8734375 0.09375 0.1125
0 0.690625 0.8765625 0.0859375 0.13125
11 0.4015625 0.8796875 0.0921875 0.08125
22 0.43359375 0.2 0.1296875 0.078125
18 0.65546875 0.20390625 0.1640625 0.0859375
7 0.528125 0.21484375 0.1140625 0.059375
16 0.64609375 0.45078125 0.0796875 0.05625
27 0.58359375 0.4578125 0.096875 0.059375
8 0.43046875 0.459375 0.125 0.0546875