1 0.4453125 0.58671875 0.109375 0.0921875
22 0.5390625 0.60390625 0.1015625 0.096875
28 0.6640625 0.60625 0.1359375 0.090625
3 0.39609375 0.615625 0.0546875 0.0703125
18 0.6875 0.853125 0.10625 0.234375
19 0.50625 0.8734375 0.090625 0.10625
12 0.40234375 0.8984375 0.103125 0.10625
26 0.553125 0.21171875 0.05625 0.046875
6 0.64375 0.21640625 0.0671875 0.059375
11 0.7046875 0.22578125 0.0859375 0.0375
9 0.421875 0.2296875 0.146875 0.028125
10 0.6640625 0.4203125 0.04375 0.090625
25 0.4296875 0.41875 0.1171875 0.06875
7 0.68515625 0.453125 0.1125 0.090625
21 0.42890625 0.4546875 0.1734375 0.0875
26 0.57890625 0.459375 0.13125 0.0640625