26 0.5828125 0.4671875 0.071875 0.040625
25 0.58671875 0.5484375 0.1046875 0.0515625
19 0.43515625 0.575 0.0875 0.0640625
3 0.6828125 0.578125 0.053125 0.0609375
14 0.6046875 0.59140625 0.1453125 0.1
6 0.71875 0.6140625 0.084375 0.0640625
17 0.45234375 0.63203125 0.1015625 0.0375
13 0.6390625 0.81796875 0.071875 0.1703125
23 0.5359375 0.83125 0.0734375 0.0609375
20 0.7015625 0.82734375 0.071875 0.125
16 0.453125 0.853125 0.1140625 0.1
1 0.56328125 0.8734375 0.13125 0.096875
11 0.42734375 0.934375 0.096875 0.0859375
12 0.68984375 0.9234375 0.10625 0.078125
9 0.5484375 0.9453125 0.1328125 0.0765625
18 0.37265625 0.1640625 0.1296875 0.18125
20 0.671875 0.1671875 0.0734375 0.1265625
15 0.5921875 0.17421875 0.078125 0.0515625
10 0.70078125 0.1765625 0.053125 0.1140625
21 0.5890625 0.20390625 0.1765625 0.0875
22 0.47109375 0.21484375 0.10625 0.05625
5 0.5046875 0.4140625 0.0953125 0.1359375
7 0.678125 0.4109375 0.11875 0.1421875
5 0.59296875 0.41875 0.1046875 0.1046875
0 0.4265625 0.44765625 0.109375 0.059375
27 0.44453125 0.4578125 0.096875 0.0640625
26 0.66015625 0.45078125 0.0890625 0.075