23 0.578125 0.47734375 0.1015625 0.046875
5 0.4359375 0.55625 0.1171875 0.115625
28 0.66640625 0.61328125 0.134375 0.096875
14 0.40859375 0.603125 0.1203125 0.1046875
26 0.528125 0.6140625 0.1515625 0.078125
1 0.6671875 0.8890625 0.1171875 0.128125
9 0.41953125 0.90390625 0.125 0.09375
3 0.565625 0.91953125 0.0625 0.0828125
19 0.421875 0.1953125 0.09375 0.090625
27 0.57421875 0.2140625 0.06875 0.053125
17 0.6984375 0.23984375 0.084375 0.0265625
6 0.615625 0.446875 0.0703125 0.0359375
22 0.5390625 0.44453125 0.1015625 0.078125
11 0.65390625 0.4640625 0.1359375 0.0578125
12 0.42421875 0.45703125 0.1296875 0.059375