20 0.66875 0.55546875 0.0796875 0.1359375
5 0.3921875 0.59140625 0.09375 0.1265625
18 0.52265625 0.60078125 0.2140625 0.115625
13 0.61015625 0.81015625 0.071875 0.1625
10 0.40390625 0.84765625 0.040625 0.0984375
27 0.5890625 0.90859375 0.103125 0.09375
5 0.3671875 0.1703125 0.128125 0.15
25 0.478125 0.20234375 0.1359375 0.08125
0 0.56171875 0.20703125 0.1859375 0.075
22 0.67265625 0.209375 0.0640625 0.053125
19 0.42109375 0.45390625 0.09375 0.0875
11 0.62734375 0.44765625 0.134375 0.05
26 0.52265625 0.45625 0.134375 0.071875