25 0.5859375 0.5734375 0.1109375 0.0765625
20 0.69375 0.584375 0.0796875 0.1421875
1 0.4609375 0.5875 0.13125 0.0703125
14 0.6140625 0.59375 0.1203125 0.084375
23 0.5171875 0.625 0.078125 0.05
13 0.671875 0.81875 0.065625 0.159375
13 0.6125 0.81875 0.0625 0.159375
7 0.4375 0.8640625 0.134375 0.115625
17 0.540625 0.8734375 0.0703125 0.05625
16 0.6953125 0.9296875 0.128125 0.1109375
9 0.5421875 0.9515625 0.128125 0.090625
15 0.6921875 0.196875 0.0828125 0.090625
18 0.4171875 0.196875 0.171875 0.08125
26 0.4796875 0.2140625 0.1421875 0.059375
22 0.6 0.2140625 0.1046875 0.0625
19 0.4140625 0.440625 0.090625 0.08125
27 0.646875 0.4546875 0.096875 0.0515625
6 0.5640625 0.4609375 0.065625 0.0578125