5 0.43671875 0.55546875 0.103125 0.1234375
19 0.403125 0.6015625 0.090625 0.0921875
28 0.66875 0.6 0.1328125 0.0984375
26 0.53515625 0.61171875 0.146875 0.0765625
1 0.696875 0.8703125 0.109375 0.128125
9 0.44453125 0.90234375 0.1171875 0.084375
3 0.59453125 0.915625 0.0546875 0.0796875
25 0.41484375 0.1984375 0.1328125 0.09375
27 0.5546875 0.21015625 0.0734375 0.0515625
17 0.6796875 0.225 0.0890625 0.025
22 0.53515625 0.44453125 0.103125 0.0765625
6 0.61015625 0.446875 0.06875 0.0515625
11 0.63359375 0.45546875 0.178125 0.0625
12 0.41640625 0.4625 0.121875 0.059375