2 0.70546875 0.47734375 0.0859375 0.034375
1 0.58125 0.5875 0.0703125 0.0890625
4 0.46875 0.59765625 0.065625 0.0609375
0 0.69921875 0.61171875 0.115625 0.0921875
13 0.46796875 0.83359375 0.071875 0.1609375
16 0.6796875 0.9 0.096875 0.1109375
7 0.559375 0.90234375 0.15 0.1078125
10 0.7328125 0.1984375 0.0515625 0.1078125
22 0.63359375 0.2140625 0.1046875 0.0703125
19 0.44765625 0.20859375 0.0984375 0.0609375
24 0.53203125 0.21640625 0.0921875 0.053125
20 0.6203125 0.41640625 0.0765625 0.140625
18 0.4765625 0.44453125 0.1765625 0.0765625