23 0.40390625 0.465625 0.08125 0.05
9 0.66640625 0.4703125 0.16875 0.046875
14 0.4046875 0.5953125 0.096875 0.0953125
27 0.521875 0.59921875 0.09375 0.05625
28 0.6625 0.60625 0.13125 0.0890625
0 0.5453125 0.85546875 0.0546875 0.0625
0 0.6359375 0.87109375 0.0828125 0.0875
11 0.3875 0.875 0.05 0.040625
11 0.49765625 0.88125 0.090625 0.0828125
20 0.68671875 0.18125 0.0796875 0.1265625
19 0.46484375 0.20703125 0.1015625 0.075
22 0.5828125 0.2140625 0.109375 0.0703125
7 0.47890625 0.44375 0.20625 0.06875