0 0.43125 0.59609375 0.121875 0.075
19 0.5484375 0.59375 0.090625 0.0734375
29 0.67421875 0.609375 0.1328125 0.0734375
25 0.6703125 0.85859375 0.10625 0.1109375
24 0.55390625 0.8765625 0.1078125 0.0828125
7 0.4421875 0.89453125 0.121875 0.1140625
20 0.67265625 0.1671875 0.0796875 0.1453125
4 0.38984375 0.21953125 0.0796875 0.0484375
22 0.48984375 0.21875 0.1421875 0.053125
18 0.421875 0.41171875 0.1265625 0.153125
10 0.5171875 0.41640625 0.0453125 0.103125
15 0.66328125 0.42578125 0.121875 0.1078125
21 0.55625 0.44296875 0.159375 0.0796875