22 0.53984375 0.6015625 0.1078125 0.096875
28 0.66953125 0.59921875 0.14375 0.0953125
23 0.41796875 0.6234375 0.090625 0.0484375
18 0.7015625 0.84453125 0.1078125 0.225
14 0.6109375 0.86484375 0.0953125 0.1078125
27 0.54140625 0.209375 0.05625 0.05
6 0.62578125 0.2125 0.0703125 0.046875
11 0.68671875 0.21484375 0.0859375 0.0390625
10 0.65625 0.41171875 0.0421875 0.090625
25 0.42734375 0.43984375 0.115625 0.0890625
7 0.68671875 0.440625 0.109375 0.0796875
26 0.571875 0.45859375 0.1265625 0.0625
21 0.4296875 0.46484375 0.1671875 0.0765625