22 0.534375 0.60390625 0.10625 0.0953125
28 0.6640625 0.6078125 0.1421875 0.09375
23 0.41171875 0.61875 0.0890625 0.046875
18 0.6828125 0.8546875 0.103125 0.2234375
14 0.5921875 0.8703125 0.09375 0.10625
27 0.55625 0.21171875 0.05625 0.05
6 0.640625 0.21953125 0.06875 0.0453125
11 0.7015625 0.225 0.084375 0.0375
10 0.6609375 0.4203125 0.040625 0.0890625
25 0.43046875 0.4359375 0.1140625 0.0875
7 0.68984375 0.45 0.1078125 0.078125
26 0.57421875 0.4625 0.1265625 0.059375
21 0.43203125 0.4609375 0.165625 0.0734375