1 0.4515625 0.58828125 0.115625 0.096875
28 0.6671875 0.6078125 0.134375 0.096875
22 0.5359375 0.60546875 0.1046875 0.0875
3 0.39453125 0.6234375 0.0625 0.0796875
15 0.671875 0.8578125 0.0828125 0.1125
19 0.5015625 0.8734375 0.0859375 0.0953125
16 0.590625 0.8765625 0.0875 0.0984375
12 0.40859375 0.890625 0.0859375 0.0703125
27 0.553125 0.21171875 0.0546875 0.046875
6 0.6421875 0.21796875 0.0765625 0.0484375
11 0.7046875 0.22734375 0.075 0.034375
25 0.4296875 0.4078125 0.1265625 0.04375
10 0.6625 0.41875 0.0390625 0.084375
7 0.69140625 0.4578125 0.1125 0.1015625
26 0.57890625 0.4578125 0.1265625 0.0609375
21 0.43359375 0.45859375 0.175 0.0796875