5 0.43125 0.553125 0.1078125 0.1359375
19 0.4 0.59296875 0.1015625 0.0953125
28 0.6625 0.61640625 0.13125 0.1
26 0.52734375 0.6125 0.153125 0.0796875
1 0.66640625 0.884375 0.121875 0.1296875
9 0.41484375 0.90078125 0.140625 0.090625
3 0.5640625 0.91796875 0.0578125 0.075
10 0.61796875 0.19296875 0.0546875 0.11875
25 0.4390625 0.19453125 0.1328125 0.1
27 0.57265625 0.2140625 0.0734375 0.05625
23 0.68125 0.234375 0.0890625 0.0296875
22 0.5375 0.4453125 0.1046875 0.0765625
12 0.41796875 0.45625 0.134375 0.0640625
21 0.6421875 0.46953125 0.175 0.08125