27 0.446875 0.58984375 0.084375 0.0515625
21 0.6703125 0.5984375 0.1125 0.0921875
14 0.5640625 0.59921875 0.0953125 0.078125
2 0.44453125 0.63515625 0.1609375 0.0375
12 0.609375 0.86796875 0.1796875 0.0828125
24 0.453125 0.86796875 0.109375 0.0796875
5 0.70234375 0.1953125 0.1109375 0.1109375
16 0.459375 0.21015625 0.121875 0.0671875
17 0.6078125 0.2328125 0.11875 0.0265625
10 0.6671875 0.425 0.040625 0.1046875
3 0.55546875 0.44609375 0.053125 0.0703125
18 0.63515625 0.45546875 0.19375 0.0703125
1 0.44921875 0.45390625 0.1421875 0.0625