7 0.6 0.5453125 0.1765625 0.090625
14 0.4109375 0.590625 0.146875 0.0921875
18 0.5890625 0.5921875 0.159375 0.09375
15 0.37109375 0.875 0.0875 0.1015625
23 0.47734375 0.87734375 0.0953125 0.071875
8 0.63203125 0.8734375 0.134375 0.10625
10 0.4453125 0.19375 0.046875 0.103125
19 0.34609375 0.20703125 0.1109375 0.0734375
22 0.51640625 0.20859375 0.1109375 0.0796875
1 0.61015625 0.21015625 0.0796875 0.05625
28 0.3734375 0.41875 0.14375 0.0859375
25 0.62109375 0.43984375 0.1296875 0.0984375
17 0.4859375 0.45859375 0.0890625 0.0421875