16 0.5046875 0.5890625 0.1640625 0.0640625
3 0.3984375 0.603125 0.0515625 0.0640625
26 0.65703125 0.621875 0.1546875 0.065625
13 0.57265625 0.81875 0.0609375 0.153125
13 0.5796875 0.8453125 0.065625 0.1609375
19 0.4828125 0.8671875 0.10625 0.096875
11 0.3953125 0.8796875 0.0796875 0.08125
20 0.42421875 0.1734375 0.0703125 0.1328125
5 0.69921875 0.190625 0.0765625 0.1125
22 0.5265625 0.21484375 0.1171875 0.0609375
18 0.44140625 0.44453125 0.184375 0.0875
12 0.62578125 0.46328125 0.1296875 0.0515625