26 0.58046875 0.475 0.0734375 0.0359375
25 0.58359375 0.5578125 0.1015625 0.0515625
19 0.434375 0.56953125 0.0984375 0.065625
3 0.6765625 0.590625 0.046875 0.0546875
14 0.5921875 0.5984375 0.1359375 0.0921875
17 0.44140625 0.62421875 0.1109375 0.0421875
6 0.70859375 0.62890625 0.084375 0.059375
13 0.61640625 0.82109375 0.0671875 0.1578125
23 0.51328125 0.83125 0.06875 0.05
20 0.67890625 0.834375 0.0671875 0.1125
16 0.4265625 0.8484375 0.0953125 0.090625
1 0.54140625 0.88515625 0.125 0.0890625
28 0.66953125 0.9203125 0.1421875 0.1171875
11 0.3984375 0.9265625 0.103125 0.0828125
9 0.528125 0.95234375 0.1296875 0.06875
18 0.3984375 0.1578125 0.11875 0.178125
15 0.61484375 0.18046875 0.078125 0.05
20 0.69140625 0.184375 0.0640625 0.128125
10 0.72421875 0.19140625 0.0484375 0.1171875
21 0.61171875 0.2078125 0.1875 0.0796875
22 0.490625 0.2125 0.1046875 0.0546875
5 0.5078125 0.4109375 0.09375 0.1296875
7 0.6828125 0.4203125 0.1203125 0.15625
5 0.5921875 0.421875 0.096875 0.0890625
0 0.43203125 0.440625 0.11875 0.0515625
27 0.44609375 0.45078125 0.0890625 0.05625
26 0.66015625 0.4625 0.0828125 0.0703125