12 0.68203125 0.4734375 0.140625 0.05625
15 0.4078125 0.5796875 0.1015625 0.109375
18 0.509375 0.5984375 0.1796875 0.09375
7 0.66953125 0.6046875 0.1640625 0.1015625
14 0.5390625 0.853125 0.1328125 0.1
10 0.63046875 0.871875 0.04375 0.096875
16 0.41015625 0.8890625 0.115625 0.1140625
21 0.60703125 0.92578125 0.234375 0.140625
19 0.68203125 0.2109375 0.0984375 0.06875
11 0.42890625 0.21796875 0.090625 0.0421875
23 0.5578125 0.221875 0.09375 0.04375
22 0.54140625 0.4421875 0.1109375 0.0796875
27 0.434375 0.44921875 0.0953125 0.0609375