17 0.3921875 0.46171875 0.0875 0.040625
20 0.62421875 0.571875 0.078125 0.134375
5 0.38125 0.584375 0.0875 0.1265625
14 0.4625 0.590625 0.0953125 0.0984375
22 0.56328125 0.6109375 0.1078125 0.090625
25 0.60625 0.8296875 0.1078125 0.09375
12 0.4015625 0.8828125 0.134375 0.1046875
18 0.50625 0.89140625 0.1875 0.146875
26 0.64765625 0.90859375 0.1328125 0.1125
20 0.57421875 0.1875 0.0828125 0.1234375
28 0.68046875 0.215625 0.140625 0.084375
19 0.4296875 0.20390625 0.115625 0.084375
10 0.40390625 0.41640625 0.0390625 0.103125
21 0.51015625 0.45078125 0.1421875 0.08125
16 0.65546875 0.4625 0.1109375 0.075