1 0.453125 0.58984375 0.1140625 0.103125
28 0.67421875 0.59453125 0.1390625 0.0953125
22 0.54296875 0.60078125 0.109375 0.0890625
15 0.68125 0.85 0.103125 0.1171875
16 0.50859375 0.8703125 0.0953125 0.075
25 0.43359375 0.90390625 0.115625 0.11875
18 0.39609375 0.1890625 0.175 0.1296875
6 0.61484375 0.209375 0.0671875 0.059375
11 0.67734375 0.2125 0.0890625 0.0453125
17 0.528125 0.2265625 0.0859375 0.0421875
20 0.5296875 0.415625 0.084375 0.1359375
10 0.39765625 0.42890625 0.0453125 0.1046875
0 0.6375 0.44296875 0.11875 0.075
27 0.42578125 0.45859375 0.0828125 0.0609375