20 0.6671875 0.55546875 0.078125 0.1359375
5 0.3921875 0.58984375 0.10625 0.125
17 0.5734375 0.61015625 0.0875 0.053125
13 0.61015625 0.80390625 0.06875 0.15
10 0.40234375 0.84921875 0.0390625 0.1046875
12 0.58515625 0.89453125 0.1796875 0.084375
16 0.4265625 0.9265625 0.1203125 0.1265625
5 0.36953125 0.1828125 0.1140625 0.153125
25 0.478125 0.20390625 0.134375 0.0828125
0 0.56171875 0.20859375 0.0671875 0.0703125
22 0.64296875 0.20625 0.121875 0.0703125
19 0.421875 0.44921875 0.0890625 0.08125
11 0.62734375 0.44921875 0.1328125 0.05
26 0.52265625 0.45625 0.1359375 0.06875