23 0.640625 0.4671875 0.075 0.04375
5 0.4375 0.5625 0.1078125 0.115625
28 0.671875 0.6015625 0.13125 0.0984375
26 0.5328125 0.615625 0.14375 0.075
1 0.6875 0.8734375 0.1171875 0.1171875
9 0.4484375 0.9046875 0.128125 0.08125
3 0.5890625 0.9140625 0.059375 0.0734375
16 0.4296875 0.209375 0.1234375 0.0734375
27 0.5546875 0.2109375 0.05625 0.053125
6 0.6375 0.2203125 0.059375 0.05
11 0.696875 0.2234375 0.096875 0.040625
25 0.4328125 0.4234375 0.1125 0.05625
22 0.5421875 0.44375 0.0921875 0.071875
21 0.4359375 0.4546875 0.1859375 0.0765625