7 0.5890625 0.5578125 0.1671875 0.08125
18 0.578125 0.59453125 0.165625 0.1015625
17 0.3703125 0.59296875 0.084375 0.0453125
15 0.33828125 0.8625 0.084375 0.1
23 0.44609375 0.87421875 0.1078125 0.059375
10 0.471875 0.19375 0.0390625 0.103125
19 0.371875 0.19765625 0.1109375 0.08125
22 0.54453125 0.2109375 0.109375 0.075
1 0.62734375 0.2234375 0.0921875 0.0625
5 0.36953125 0.42578125 0.0734375 0.1015625
14 0.4578125 0.43671875 0.0921875 0.0859375
25 0.6265625 0.45 0.1390625 0.103125
3 0.52265625 0.46015625 0.05625 0.065625