28 0.6484375 0.59140625 0.140625 0.090625
16 0.5234375 0.60078125 0.10625 0.071875
17 0.428125 0.6046875 0.078125 0.0453125
13 0.59921875 0.81875 0.065625 0.1609375
3 0.396875 0.8671875 0.05 0.06875
20 0.546875 0.87734375 0.0765625 0.1484375
10 0.40859375 0.8890625 0.040625 0.1078125
27 0.6515625 0.21171875 0.0578125 0.0515625
21 0.62109375 0.44765625 0.04375 0.0453125
21 0.69453125 0.4546875 0.0796875 0.08125
19 0.42421875 0.4515625 0.0921875 0.078125
7 0.55234375 0.46171875 0.1734375 0.0671875