5 0.5578125 0.58828125 0.1125 0.1203125
22 0.65 0.58671875 0.0984375 0.08125
18 0.4265625 0.6078125 0.1796875 0.0875
12 0.42578125 0.8875 0.1234375 0.09375
17 0.53203125 0.88828125 0.084375 0.059375
27 0.66953125 0.8875 0.0734375 0.075
20 0.38828125 0.1765625 0.08125 0.1390625
20 0.55390625 0.18203125 0.0796875 0.121875
26 0.5828125 0.2109375 0.2015625 0.075
0 0.4640625 0.21484375 0.109375 0.0640625
3 0.6796875 0.2125 0.053125 0.0546875
14 0.63203125 0.43671875 0.134375 0.090625
28 0.40390625 0.446875 0.1390625 0.09375