5 0.4375 0.565625 0.109375 0.1265625
28 0.67421875 0.59453125 0.140625 0.1
26 0.53828125 0.609375 0.146875 0.0828125
6 0.409375 0.6171875 0.065625 0.0625
1 0.70859375 0.86796875 0.11875 0.1359375
9 0.45546875 0.9078125 0.1265625 0.0859375
3 0.609375 0.90859375 0.0578125 0.0734375
27 0.54140625 0.20859375 0.0671875 0.0515625
23 0.65390625 0.21953125 0.084375 0.0296875
10 0.6234375 0.409375 0.046875 0.0796875
25 0.42890625 0.42890625 0.1046875 0.0546875
22 0.5359375 0.44296875 0.1 0.0703125
21 0.63828125 0.44921875 0.171875 0.08125
16 0.453125 0.46640625 0.171875 0.0640625