28 0.646875 0.5890625 0.1421875 0.0953125
25 0.4234375 0.590625 0.109375 0.0921875
16 0.5203125 0.5984375 0.1125 0.0734375
13 0.5609375 0.825 0.0703125 0.1640625
5 0.425 0.8625 0.0953125 0.1453125
0 0.65625 0.8671875 0.1109375 0.0953125
13 0.653125 0.1609375 0.059375 0.140625
20 0.396875 0.175 0.06875 0.128125
1 0.6609375 0.215625 0.1390625 0.0578125
26 0.5015625 0.21875 0.146875 0.053125
21 0.6921875 0.4484375 0.075 0.0765625
21 0.6234375 0.45 0.0515625 0.046875
27 0.4109375 0.4515625 0.0578125 0.0625
9 0.540625 0.4640625 0.1640625 0.0375