5 0.43203125 0.56015625 0.1078125 0.125
28 0.66484375 0.60859375 0.1390625 0.0984375
26 0.52890625 0.61171875 0.146875 0.0796875
6 0.39921875 0.609375 0.0640625 0.0609375
1 0.67578125 0.884375 0.1171875 0.1328125
9 0.4203125 0.90234375 0.125 0.084375
3 0.57265625 0.9171875 0.0578125 0.071875
27 0.56640625 0.21328125 0.065625 0.05
23 0.678125 0.234375 0.084375 0.028125
10 0.63125 0.4203125 0.0453125 0.0796875
25 0.43515625 0.42265625 0.103125 0.053125
22 0.540625 0.446875 0.0984375 0.06875
21 0.6421875 0.4609375 0.171875 0.078125
16 0.45625 0.4625 0.1703125 0.0609375