15 0.5015625 0.5875 0.09375 0.096875
25 0.6484375 0.59453125 0.1171875 0.09375
14 0.4015625 0.6046875 0.103125 0.0921875
11 0.6359375 0.87421875 0.0375 0.034375
11 0.69296875 0.8859375 0.05625 0.0796875
0 0.56171875 0.88984375 0.0671875 0.1015625
18 0.44453125 0.89609375 0.1859375 0.15
0 0.65546875 0.909375 0.0625 0.0703125
28 0.68203125 0.2046875 0.1484375 0.0796875
23 0.40625 0.2234375 0.0875 0.0359375
17 0.5125 0.2296875 0.0859375 0.0296875
19 0.4203125 0.428125 0.078125 0.059375
27 0.51015625 0.4515625 0.075 0.0578125
6 0.62265625 0.45546875 0.06875 0.0578125
3 0.69296875 0.4578125 0.053125 0.0609375
26 0.40078125 0.4625 0.121875 0.0671875