19 0.42265625 0.578125 0.084375 0.0875
28 0.671875 0.5953125 0.13125 0.1
26 0.53359375 0.61171875 0.1578125 0.084375
1 0.70078125 0.86953125 0.1171875 0.134375
9 0.446875 0.90546875 0.1265625 0.084375
3 0.60546875 0.9140625 0.0609375 0.0796875
27 0.54609375 0.2109375 0.0578125 0.0515625
16 0.42421875 0.21640625 0.1296875 0.0625
6 0.63046875 0.215625 0.075 0.0484375
11 0.69140625 0.21484375 0.084375 0.040625
25 0.428125 0.42109375 0.11875 0.0625
10 0.66328125 0.42578125 0.0484375 0.1234375
22 0.540625 0.4453125 0.0890625 0.078125
21 0.4359375 0.46171875 0.1859375 0.0734375