0 0.4265625 0.5921875 0.1203125 0.071875
19 0.54375 0.59609375 0.0890625 0.071875
29 0.66796875 0.61875 0.1328125 0.0703125
25 0.6515625 0.86640625 0.1046875 0.109375
24 0.534375 0.87890625 0.10625 0.08125
7 0.42109375 0.890625 0.1203125 0.1109375
20 0.68984375 0.1765625 0.078125 0.14375
4 0.4046875 0.2140625 0.078125 0.046875
22 0.5046875 0.21875 0.1421875 0.0515625
18 0.4265625 0.4078125 0.125 0.15
10 0.521875 0.4171875 0.04375 0.1015625
15 0.6671875 0.434375 0.1203125 0.1046875
21 0.55859375 0.44609375 0.1578125 0.078125