26 0.5796875 0.47578125 0.0765625 0.034375
25 0.55234375 0.5796875 0.125 0.0953125
1 0.46640625 0.5765625 0.1140625 0.0859375
3 0.63671875 0.61171875 0.0546875 0.065625
13 0.653125 0.83671875 0.0734375 0.1578125
13 0.6828125 0.86015625 0.0734375 0.1671875
16 0.55625 0.890625 0.140625 0.103125
21 0.3875 0.88515625 0.11875 0.1265625
18 0.41015625 0.15234375 0.1359375 0.1796875
27 0.52109375 0.21484375 0.0609375 0.0515625
6 0.71015625 0.228125 0.075 0.046875
17 0.625 0.240625 0.09375 0.0265625
7 0.69296875 0.43046875 0.1109375 0.140625
10 0.39296875 0.42890625 0.046875 0.115625
19 0.5515625 0.44296875 0.090625 0.0859375
22 0.4625 0.44453125 0.1015625 0.071875
26 0.66015625 0.46484375 0.0921875 0.06875