1 0.45 0.59296875 0.1109375 0.0953125
28 0.665625 0.5984375 0.140625 0.1015625
22 0.5390625 0.60234375 0.1 0.0859375
16 0.4953125 0.8640625 0.0953125 0.075
25 0.41328125 0.903125 0.115625 0.1171875
18 0.41015625 0.190625 0.1703125 0.115625
6 0.621875 0.21328125 0.0796875 0.0546875
11 0.6890625 0.21875 0.0796875 0.0421875
17 0.5421875 0.22734375 0.084375 0.0296875
10 0.4015625 0.425 0.0421875 0.1015625
19 0.55390625 0.43671875 0.090625 0.0765625
0 0.63828125 0.45078125 0.109375 0.071875
27 0.43671875 0.45390625 0.084375 0.0578125