2 0.44453125 0.47578125 0.159375 0.0328125
21 0.6734375 0.596875 0.121875 0.0953125
14 0.5609375 0.59765625 0.09375 0.0765625
27 0.446875 0.60390625 0.0890625 0.059375
7 0.6734375 0.8578125 0.1015625 0.1484375
19 0.5234375 0.86015625 0.1046875 0.09375
24 0.43125 0.86953125 0.0859375 0.0859375
5 0.70078125 0.19375 0.1078125 0.1046875
17 0.5984375 0.23125 0.1171875 0.028125
10 0.6640625 0.421875 0.0421875 0.1
16 0.47109375 0.43671875 0.1234375 0.0671875
3 0.55390625 0.44921875 0.053125 0.075
18 0.63359375 0.45390625 0.2 0.0671875