2 0.5984375 0.46875 0.075 0.034375
5 0.44375 0.565625 0.0796875 0.115625
19 0.5296875 0.5796875 0.0984375 0.0625
29 0.646875 0.6140625 0.1453125 0.0453125
20 0.6078125 0.821875 0.0671875 0.1234375
7 0.684375 0.8984375 0.14375 0.10625
26 0.4453125 0.9109375 0.1390625 0.065625
25 0.5625 0.2 0.121875 0.084375
16 0.671875 0.2078125 0.1015625 0.065625
4 0.471875 0.2140625 0.084375 0.0484375
13 0.415625 0.4390625 0.0828125 0.0734375
14 0.68125 0.4484375 0.103125 0.0671875
17 0.509375 0.4625 0.0984375 0.040625