20 0.66640625 0.5609375 0.075 0.134375
5 0.3890625 0.5875 0.0890625 0.1234375
18 0.51875 0.6015625 0.2109375 0.1078125
13 0.59921875 0.8140625 0.0671875 0.1609375
10 0.3921875 0.84375 0.0375 0.096875
27 0.57421875 0.9109375 0.1 0.090625
5 0.37890625 0.16640625 0.1234375 0.1453125
25 0.48828125 0.2015625 0.134375 0.0765625
0 0.571875 0.209375 0.184375 0.06875
22 0.6828125 0.215625 0.0625 0.0515625
19 0.42265625 0.4515625 0.090625 0.084375
11 0.62890625 0.45234375 0.1328125 0.0453125
26 0.52421875 0.45703125 0.1328125 0.0671875