23 0.63828125 0.46484375 0.08125 0.0421875
5 0.44296875 0.56484375 0.103125 0.11875
28 0.6703125 0.5984375 0.134375 0.096875
26 0.5375 0.61015625 0.15 0.0796875
1 0.696875 0.871875 0.1171875 0.1109375
9 0.44140625 0.90703125 0.121875 0.075
3 0.59453125 0.915625 0.065625 0.0875
16 0.43359375 0.20859375 0.1109375 0.0546875
27 0.55 0.21015625 0.0546875 0.0515625
6 0.6375 0.21953125 0.078125 0.059375
11 0.6953125 0.2234375 0.090625 0.0453125
18 0.434375 0.40859375 0.171875 0.1734375
22 0.54296875 0.44296875 0.09375 0.0796875