20 0.66171875 0.56015625 0.0796875 0.134375
5 0.3859375 0.58515625 0.0859375 0.1171875
1 0.58828125 0.603125 0.1359375 0.0875
17 0.465625 0.628125 0.090625 0.046875
10 0.39765625 0.84609375 0.0375 0.0984375
15 0.4765625 0.85078125 0.128125 0.09375
3 0.640625 0.8546875 0.046875 0.0671875
23 0.5578125 0.9015625 0.096875 0.084375
11 0.6703125 0.90234375 0.10625 0.090625
9 0.4390625 0.93828125 0.1578125 0.0953125
5 0.3796875 0.18046875 0.1109375 0.1453125
16 0.62890625 0.2125 0.1125 0.0609375
13 0.3859375 0.41328125 0.071875 0.1734375
20 0.6484375 0.41640625 0.08125 0.1296875
7 0.5140625 0.46328125 0.1640625 0.0625