19 0.42421875 0.57890625 0.09375 0.0828125
28 0.6703125 0.596875 0.1265625 0.096875
26 0.53359375 0.61328125 0.1546875 0.0765625
8 0.665625 0.89609375 0.128125 0.1078125
9 0.4484375 0.91015625 0.11875 0.08125
27 0.54609375 0.209375 0.0546875 0.05
16 0.41796875 0.21640625 0.1125 0.0578125
6 0.63203125 0.2125 0.06875 0.05625
11 0.68984375 0.21328125 0.096875 0.0453125
25 0.4296875 0.41953125 0.1078125 0.0578125
10 0.66171875 0.42265625 0.04375 0.11875
22 0.54140625 0.4421875 0.0953125 0.078125
21 0.4375 0.46171875 0.1859375 0.08125