20 0.6796875 0.5640625 0.071875 0.134375
5 0.403125 0.5828125 0.0921875 0.109375
1 0.5234375 0.59375 0.115625 0.0765625
6 0.6390625 0.621875 0.075 0.0640625
13 0.60625 0.8171875 0.0625 0.1578125
3 0.403125 0.8671875 0.046875 0.0671875
10 0.4171875 0.890625 0.0375 0.10625
27 0.5765625 0.9109375 0.0890625 0.0875
22 0.671875 0.2140625 0.13125 0.0625
23 0.5140625 0.221875 0.090625 0.0375
14 0.5421875 0.4453125 0.1015625 0.10625
19 0.4234375 0.4484375 0.0953125 0.078125
21 0.69375 0.4515625 0.0796875 0.0703125
21 0.621875 0.4546875 0.053125 0.05625