10 0.47265625 0.5671875 0.0453125 0.1203125
28 0.66015625 0.61015625 0.1390625 0.1015625
23 0.403125 0.61875 0.084375 0.053125
8 0.6234375 0.89765625 0.11875 0.103125
9 0.41484375 0.90234375 0.1203125 0.0890625
19 0.4359375 0.19609375 0.1015625 0.0890625
27 0.56796875 0.215625 0.059375 0.05625
6 0.65703125 0.221875 0.071875 0.05
11 0.709375 0.2328125 0.1015625 0.05
25 0.4390625 0.4140625 0.0984375 0.0515625
22 0.5453125 0.44609375 0.096875 0.08125
16 0.66484375 0.46484375 0.1109375 0.0765625
21 0.43359375 0.45546875 0.1953125 0.071875