23 0.58046875 0.471875 0.096875 0.046875
5 0.43984375 0.56328125 0.1015625 0.1375
28 0.665625 0.6046875 0.1359375 0.0921875
14 0.4046875 0.60625 0.0921875 0.1015625
26 0.53359375 0.61328125 0.1484375 0.078125
1 0.68125 0.878125 0.1125 0.1234375
9 0.43828125 0.90546875 0.125 0.0921875
3 0.58046875 0.9140625 0.0609375 0.075
19 0.41015625 0.203125 0.1046875 0.0875
27 0.5625 0.21328125 0.0671875 0.05
17 0.6890625 0.228125 0.078125 0.0296875
6 0.61171875 0.440625 0.0625 0.0359375
22 0.53984375 0.44296875 0.1046875 0.0765625
25 0.42109375 0.4421875 0.103125 0.09375
11 0.65703125 0.45703125 0.1296875 0.040625