5 0.434375 0.55234375 0.10625 0.125
19 0.3984375 0.596875 0.0921875 0.09375
28 0.66328125 0.60859375 0.134375 0.1015625
26 0.52890625 0.61328125 0.1484375 0.078125
1 0.67734375 0.8796875 0.1125 0.1296875
9 0.4234375 0.89921875 0.11875 0.0875
3 0.57265625 0.9203125 0.05625 0.0796875
25 0.43125 0.19453125 0.134375 0.096875
27 0.56953125 0.21328125 0.0734375 0.053125
17 0.69375 0.234375 0.0890625 0.0265625
22 0.5375 0.446875 0.1046875 0.078125
6 0.6125 0.45234375 0.06875 0.0515625
11 0.6359375 0.4625 0.178125 0.065625
12 0.41875 0.4578125 0.121875 0.0625