5 0.4359375 0.5515625 0.1078125 0.121875
28 0.66015625 0.61171875 0.134375 0.0953125
14 0.40390625 0.6015625 0.125 0.1015625
26 0.525 0.6140625 0.1484375 0.0859375
1 0.66796875 0.884375 0.1234375 0.1296875
9 0.41953125 0.90078125 0.1265625 0.0953125
3 0.565625 0.91796875 0.0578125 0.075
19 0.4203125 0.196875 0.1109375 0.0875
27 0.57265625 0.2140625 0.0734375 0.053125
17 0.6953125 0.24296875 0.090625 0.028125
22 0.5296875 0.4453125 0.0890625 0.08125
25 0.59765625 0.45625 0.1140625 0.0890625
11 0.67265625 0.46171875 0.1078125 0.053125
12 0.41875 0.46171875 0.128125 0.0609375