23 0.6375 0.4625 0.0828125 0.04375
5 0.44453125 0.56640625 0.10625 0.1203125
28 0.671875 0.5953125 0.1359375 0.1
26 0.53984375 0.609375 0.1515625 0.08125
1 0.70390625 0.86796875 0.11875 0.1140625
9 0.4484375 0.90859375 0.1234375 0.078125
3 0.60234375 0.9140625 0.0671875 0.0875
16 0.42890625 0.21015625 0.1109375 0.05625
27 0.54453125 0.209375 0.0546875 0.0515625
6 0.63203125 0.2171875 0.078125 0.0609375
11 0.690625 0.21953125 0.0921875 0.046875
18 0.4328125 0.41015625 0.175 0.1765625
22 0.54140625 0.4421875 0.0953125 0.08125