3 0.5984375 0.5765625 0.0484375 0.059375
7 0.51875 0.5984375 0.1453125 0.08125
2 0.6609375 0.6125 0.08125 0.0484375
20 0.53203125 0.83203125 0.0703125 0.1375
22 0.6265625 0.86171875 0.1171875 0.0875
5 0.42109375 0.8796875 0.1015625 0.115625
20 0.51796875 0.1765625 0.0828125 0.1390625
19 0.703125 0.2109375 0.09375 0.0625
26 0.4171875 0.2140625 0.078125 0.05
11 0.6046875 0.2234375 0.09375 0.046875
0 0.43671875 0.44765625 0.1234375 0.0703125
24 0.67734375 0.45625 0.09375 0.05625
8 0.56328125 0.46171875 0.1265625 0.053125