25 0.5765625 0.55703125 0.1046875 0.05625
19 0.43203125 0.5734375 0.09375 0.0625
20 0.6859375 0.59140625 0.0828125 0.1390625
14 0.58671875 0.6015625 0.134375 0.103125
23 0.446875 0.62421875 0.1015625 0.059375
13 0.5953125 0.82421875 0.0640625 0.1609375
13 0.6515625 0.82890625 0.065625 0.1671875
7 0.4140625 0.85390625 0.128125 0.115625
17 0.51875 0.8625 0.075 0.0484375
28 0.65625 0.934375 0.14375 0.128125
16 0.50859375 0.93203125 0.1109375 0.1109375
1 0.38828125 0.93671875 0.1296875 0.096875
18 0.43125 0.17109375 0.1796875 0.14375
15 0.7078125 0.20703125 0.09375 0.0921875
22 0.61484375 0.21953125 0.1046875 0.065625
26 0.49296875 0.21484375 0.1421875 0.059375
0 0.4375 0.44375 0.11875 0.0765625
27 0.64765625 0.4625 0.1015625 0.0625
6 0.56796875 0.4640625 0.06875 0.059375