26 0.5796875 0.47109375 0.0671875 0.04375
25 0.58984375 0.5484375 0.1046875 0.0484375
19 0.44140625 0.5765625 0.10625 0.0609375
3 0.6828125 0.578125 0.0484375 0.05625
14 0.6046875 0.59140625 0.1390625 0.0984375
6 0.7171875 0.6140625 0.08125 0.0609375
17 0.45390625 0.63203125 0.10625 0.0484375
20 0.7 0.81640625 0.071875 0.1015625
23 0.53671875 0.840625 0.075 0.0734375
16 0.453125 0.8578125 0.0984375 0.0953125
8 0.69140625 0.9 0.1171875 0.084375
11 0.43203125 0.92890625 0.10625 0.0859375
9 0.54921875 0.95625 0.13125 0.0859375
18 0.37265625 0.165625 0.1265625 0.1828125
20 0.6671875 0.1703125 0.0703125 0.1359375
15 0.5921875 0.17578125 0.078125 0.05
10 0.70078125 0.1765625 0.046875 0.115625
21 0.59375 0.20390625 0.1640625 0.0859375
22 0.47421875 0.21328125 0.109375 0.0625
5 0.503125 0.409375 0.0921875 0.1328125
7 0.6828125 0.4078125 0.1203125 0.1484375
5 0.59296875 0.41875 0.103125 0.1015625
0 0.4265625 0.44609375 0.1078125 0.0515625
27 0.44609375 0.45625 0.0984375 0.0546875
26 0.65703125 0.45390625 0.0890625 0.0703125