5 0.553125 0.590625 0.115625 0.121875
22 0.6453125 0.59453125 0.1 0.0828125
18 0.42109375 0.60390625 0.18125 0.090625
12 0.40546875 0.8828125 0.125 0.096875
17 0.51171875 0.88984375 0.084375 0.0609375
27 0.6484375 0.89609375 0.075 0.0765625
20 0.40546875 0.171875 0.0828125 0.140625
20 0.5703125 0.18515625 0.0828125 0.1234375
26 0.59765625 0.215625 0.203125 0.078125
0 0.47890625 0.21328125 0.109375 0.065625
3 0.69453125 0.221875 0.053125 0.0546875
14 0.63515625 0.44375 0.1359375 0.09375
28 0.40703125 0.4421875 0.140625 0.0953125