22 0.53203125 0.6046875 0.1078125 0.096875
28 0.66171875 0.61015625 0.14375 0.0953125
23 0.41015625 0.6171875 0.090625 0.0484375
18 0.6765625 0.8578125 0.1078125 0.225
14 0.58515625 0.871875 0.0953125 0.1078125
27 0.56171875 0.21328125 0.05625 0.05
6 0.64609375 0.221875 0.0703125 0.046875
11 0.70625 0.22890625 0.0859375 0.0390625
10 0.6625 0.42265625 0.0421875 0.090625
25 0.43203125 0.43515625 0.115625 0.0890625
7 0.690625 0.453125 0.109375 0.0796875
26 0.575 0.46328125 0.1265625 0.0625
21 0.4328125 0.46015625 0.1671875 0.0765625