23 0.57734375 0.47578125 0.1015625 0.0453125
5 0.43671875 0.55703125 0.1140625 0.1125
28 0.66796875 0.6109375 0.1328125 0.0953125
14 0.41015625 0.6046875 0.11875 0.103125
26 0.53046875 0.61328125 0.1515625 0.075
1 0.67421875 0.8859375 0.115625 0.125
9 0.4265625 0.90546875 0.1234375 0.0921875
3 0.57265625 0.91875 0.0609375 0.08125
19 0.41640625 0.196875 0.0921875 0.0890625
27 0.56953125 0.21328125 0.0671875 0.0515625
17 0.69375 0.2359375 0.0828125 0.025
6 0.61484375 0.44453125 0.0703125 0.0359375
22 0.53828125 0.44375 0.1015625 0.0765625
11 0.653125 0.46171875 0.134375 0.05625
12 0.4234375 0.45859375 0.128125 0.0578125