1 0.453125 0.58671875 0.1015625 0.0921875
28 0.67109375 0.59609375 0.1375 0.096875
22 0.54453125 0.60234375 0.109375 0.090625
3 0.396875 0.62578125 0.053125 0.06875
16 0.6140625 0.85859375 0.0984375 0.0984375
15 0.6953125 0.8578125 0.096875 0.13125
19 0.52421875 0.86953125 0.0984375 0.1046875
12 0.43359375 0.90078125 0.1046875 0.1046875
27 0.53359375 0.20859375 0.05625 0.0515625
6 0.62421875 0.21171875 0.0765625 0.0546875
11 0.67890625 0.2125 0.0890625 0.0390625
10 0.65546875 0.39609375 0.040625 0.065625
25 0.4171875 0.44921875 0.1375 0.0984375
7 0.6796875 0.4390625 0.1296875 0.09375
26 0.57265625 0.45546875 0.1328125 0.0640625