1 0.45 0.5890625 0.1109375 0.09375
22 0.54453125 0.6015625 0.103125 0.0984375
28 0.66875 0.59765625 0.1375 0.09375
3 0.40234375 0.6203125 0.05625 0.0703125
18 0.70546875 0.84296875 0.109375 0.2359375
19 0.52578125 0.87265625 0.0921875 0.1078125
12 0.4234375 0.903125 0.1046875 0.1078125
26 0.53828125 0.209375 0.05625 0.046875
6 0.62890625 0.209375 0.0671875 0.059375
11 0.68984375 0.21484375 0.0875 0.0390625
9 0.4078125 0.234375 0.1484375 0.0296875
10 0.659375 0.41171875 0.0453125 0.0921875
25 0.425 0.42265625 0.1171875 0.071875
7 0.6828125 0.44375 0.1140625 0.0921875
21 0.4265625 0.45859375 0.175 0.090625
26 0.5765625 0.45546875 0.13125 0.0671875