0 0.4296875 0.590625 0.121875 0.0703125
24 0.52109375 0.61328125 0.1234375 0.0703125
2 0.65546875 0.621875 0.084375 0.05
27 0.425 0.8703125 0.0921875 0.0578125
19 0.5515625 0.87421875 0.08125 0.08125
29 0.66796875 0.9078125 0.140625 0.10625
20 0.69140625 0.178125 0.0765625 0.1359375
22 0.5046875 0.2109375 0.14375 0.065625
4 0.4078125 0.2125 0.0765625 0.046875
18 0.428125 0.4109375 0.128125 0.146875
10 0.521875 0.4203125 0.0453125 0.1015625
15 0.671875 0.4328125 0.1203125 0.103125
21 0.55859375 0.44765625 0.1484375 0.078125