5 0.43359375 0.56484375 0.096875 0.128125
28 0.671875 0.5984375 0.1328125 0.096875
14 0.4109375 0.6125 0.1171875 0.0984375
26 0.53671875 0.61328125 0.1453125 0.071875
5 0.5859375 0.8515625 0.0953125 0.115625
1 0.6984375 0.8734375 0.1109375 0.1234375
9 0.43984375 0.90546875 0.128125 0.0875
19 0.39921875 0.2015625 0.103125 0.0859375
27 0.5546875 0.21171875 0.0640625 0.0515625
17 0.68125 0.2265625 0.0921875 0.028125
10 0.67578125 0.4328125 0.0515625 0.1171875
6 0.61171875 0.43515625 0.0640625 0.028125
22 0.53515625 0.44453125 0.0984375 0.075
16 0.43515625 0.45703125 0.1109375 0.0671875
11 0.65234375 0.45390625 0.1328125 0.0546875