14 0.6875 0.59375 0.096875 0.0921875
1 0.59375 0.615625 0.1140625 0.0765625
9 0.440625 0.6234375 0.134375 0.0515625
11 0.640625 0.8703125 0.0375 0.040625
11 0.703125 0.8828125 0.059375 0.078125
0 0.5734375 0.884375 0.0671875 0.1046875
18 0.4515625 0.896875 0.1765625 0.1421875
0 0.6609375 0.9109375 0.0578125 0.065625
15 0.6953125 0.196875 0.0921875 0.090625
26 0.6046875 0.221875 0.1078125 0.0390625
23 0.4015625 0.2234375 0.0875 0.0359375
17 0.509375 0.225 0.084375 0.028125
28 0.4421875 0.446875 0.1828125 0.08125
27 0.621875 0.45625 0.06875 0.05625