21 0.540625 0.5765625 0.1890625 0.084375
19 0.428125 0.6046875 0.115625 0.078125
15 0.440625 0.865625 0.1265625 0.0984375
29 0.6796875 0.8890625 0.1375 0.1109375
24 0.5828125 0.890625 0.09375 0.0859375
5 0.4640625 0.18125 0.084375 0.1265625
7 0.5734375 0.2125 0.10625 0.078125
3 0.4109375 0.2140625 0.0578125 0.0625
0 0.6921875 0.21875 0.071875 0.0703125
13 0.44375 0.396875 0.0578125 0.15625
27 0.6671875 0.44375 0.046875 0.0546875
4 0.4203125 0.459375 0.0734375 0.0609375
8 0.534375 0.465625 0.125 0.0515625