26 0.57734375 0.4703125 0.075 0.0328125
25 0.5578125 0.57578125 0.121875 0.090625
1 0.471875 0.57890625 0.1109375 0.08125
3 0.64375 0.60234375 0.053125 0.0640625
13 0.67578125 0.825 0.06875 0.15625
13 0.7078125 0.84609375 0.06875 0.165625
16 0.58359375 0.8859375 0.1375 0.1
21 0.41484375 0.8921875 0.1140625 0.121875
18 0.3859375 0.159375 0.1296875 0.175
27 0.5015625 0.2140625 0.059375 0.05
6 0.690625 0.2140625 0.0734375 0.0453125
17 0.60625 0.2328125 0.0921875 0.0234375
7 0.6875 0.4171875 0.1078125 0.1375
10 0.38828125 0.4359375 0.0421875 0.1140625
19 0.54765625 0.43984375 0.0875 0.0828125
22 0.45859375 0.44765625 0.1 0.06875
26 0.65703125 0.453125 0.090625 0.065625