12 0.54609375 0.47109375 0.1453125 0.053125
5 0.5515625 0.58828125 0.109375 0.1125
22 0.6515625 0.58828125 0.0953125 0.0734375
18 0.43125 0.6078125 0.1734375 0.075
27 0.63984375 0.88515625 0.0796875 0.071875
17 0.45859375 0.88984375 0.084375 0.059375
20 0.38515625 0.17734375 0.0828125 0.1375
20 0.55234375 0.17890625 0.0765625 0.121875
26 0.58046875 0.2078125 0.1984375 0.06875
0 0.4625 0.21640625 0.1 0.0609375
3 0.678125 0.2125 0.0546875 0.0546875
14 0.63046875 0.43359375 0.134375 0.08125
28 0.40234375 0.45 0.1265625 0.0875