7 0.59140625 0.5546875 0.1609375 0.08125
14 0.3734375 0.58828125 0.103125 0.0953125
18 0.584375 0.5921875 0.153125 0.0921875
9 0.4703125 0.60078125 0.1 0.084375
15 0.3515625 0.86640625 0.0859375 0.1
23 0.4625 0.86953125 0.090625 0.0640625
8 0.6078125 0.878125 0.14375 0.096875
10 0.46484375 0.19296875 0.040625 0.103125
19 0.36484375 0.20234375 0.1 0.078125
22 0.534375 0.21171875 0.109375 0.0734375
1 0.6203125 0.21640625 0.0921875 0.0625
28 0.3828125 0.41640625 0.146875 0.084375
25 0.63046875 0.45234375 0.1265625 0.0921875
17 0.49140625 0.45625 0.0921875 0.040625