26 0.5828125 0.471875 0.0734375 0.034375
5 0.4625 0.5609375 0.096875 0.1359375
25 0.559375 0.578125 0.1171875 0.090625
28 0.625 0.6 0.1859375 0.0921875
13 0.6734375 0.8296875 0.065625 0.1578125
1 0.58125 0.8515625 0.134375 0.0953125
13 0.7015625 0.8515625 0.06875 0.1625
21 0.4125 0.8828125 0.115625 0.1203125
18 0.4015625 0.1578125 0.1265625 0.1734375
20 0.521875 0.178125 0.0796875 0.1265625
15 0.6125 0.1984375 0.10625 0.0859375
6 0.7015625 0.2171875 0.071875 0.04375
7 0.6890625 0.4171875 0.109375 0.146875
10 0.3921875 0.434375 0.0421875 0.115625
19 0.546875 0.4375 0.084375 0.0875
22 0.459375 0.446875 0.0953125 0.065625
26 0.659375 0.4609375 0.0875 0.0703125