23 0.703125 0.46171875 0.090625 0.05625
4 0.6578125 0.59296875 0.084375 0.0578125
27 0.525 0.59765625 0.0875 0.065625
13 0.42421875 0.60390625 0.065625 0.096875
18 0.628125 0.80078125 0.171875 0.1109375
16 0.43046875 0.89140625 0.096875 0.0890625
12 0.6765625 0.8953125 0.1453125 0.109375
17 0.5578125 0.9109375 0.109375 0.078125
22 0.61953125 0.215625 0.09375 0.0546875
11 0.421875 0.22421875 0.0953125 0.0421875
26 0.5265625 0.22578125 0.134375 0.0390625
20 0.4296875 0.41484375 0.0828125 0.1265625
8 0.5796875 0.4578125 0.1265625 0.05625