2 0.54921875 0.475 0.1109375 0.0328125
27 0.44765625 0.6015625 0.096875 0.0578125
22 0.61328125 0.60859375 0.0984375 0.065625
20 0.68984375 0.83515625 0.0671875 0.1390625
5 0.40078125 0.8421875 0.0671875 0.11875
7 0.503125 0.865625 0.140625 0.0953125
26 0.62421875 0.88125 0.084375 0.103125
16 0.70078125 0.22109375 0.096875 0.05625
17 0.6015625 0.2296875 0.103125 0.034375
13 0.47734375 0.39609375 0.0578125 0.1515625
25 0.67578125 0.4453125 0.1171875 0.0921875
3 0.59375 0.446875 0.046875 0.0609375
4 0.4453125 0.4515625 0.0703125 0.053125