17 0.390625 0.46328125 0.0828125 0.040625
20 0.65546875 0.57109375 0.075 0.134375
5 0.3859375 0.57734375 0.0765625 0.121875
14 0.46875 0.58515625 0.0875 0.0875
22 0.56796875 0.61171875 0.10625 0.0875
25 0.61015625 0.83359375 0.103125 0.1046875
1 0.52109375 0.87578125 0.1265625 0.103125
12 0.40390625 0.8828125 0.125 0.1
26 0.65625 0.90859375 0.13125 0.109375
13 0.52265625 0.16015625 0.075 0.1796875
20 0.4265625 0.1765625 0.084375 0.128125
15 0.6265625 0.19609375 0.125 0.10625
3 0.43125 0.44609375 0.0484375 0.0609375
21 0.5078125 0.4515625 0.140625 0.0765625
16 0.6515625 0.45859375 0.1171875 0.075