22 0.53046875 0.6046875 0.109375 0.0984375
28 0.66015625 0.61328125 0.1453125 0.0984375
23 0.4078125 0.615625 0.090625 0.05
18 0.6703125 0.8609375 0.1109375 0.2265625
14 0.57890625 0.8734375 0.096875 0.109375
27 0.56640625 0.2140625 0.0578125 0.0515625
6 0.65078125 0.225 0.0703125 0.046875
11 0.7109375 0.2328125 0.0859375 0.040625
10 0.66328125 0.42578125 0.04375 0.090625
25 0.4328125 0.43359375 0.1171875 0.0921875
7 0.69140625 0.45703125 0.109375 0.08125
26 0.575 0.46484375 0.128125 0.0640625
21 0.43359375 0.45859375 0.1671875 0.078125