26 0.6640625 0.465625 0.178125 0.0578125
1 0.453125 0.5890625 0.096875 0.1
28 0.66875 0.603125 0.128125 0.09375
22 0.5390625 0.6046875 0.1015625 0.08125
3 0.396875 0.615625 0.053125 0.06875
15 0.6625 0.859375 0.0875 0.1125
16 0.4859375 0.8671875 0.1 0.059375
25 0.4046875 0.896875 0.1234375 0.1171875
9 0.565625 0.94375 0.1484375 0.090625
18 0.4109375 0.1859375 0.171875 0.1203125
6 0.6234375 0.2140625 0.0640625 0.05625
11 0.690625 0.2234375 0.0953125 0.046875
17 0.5453125 0.2296875 0.096875 0.0375
10 0.4 0.40625 0.0375 0.0796875
20 0.5328125 0.4125 0.075 0.13125
27 0.428125 0.4546875 0.0828125 0.0546875