15 0.4140625 0.584375 0.096875 0.1078125
3 0.525 0.59921875 0.05 0.065625
7 0.6453125 0.59921875 0.1640625 0.103125
5 0.5609375 0.84296875 0.1046875 0.0796875
0 0.665625 0.859375 0.1171875 0.0953125
16 0.4390625 0.87578125 0.103125 0.10625
1 0.53671875 0.90859375 0.1453125 0.084375
13 0.64765625 0.16640625 0.0609375 0.15625
26 0.4203125 0.221875 0.140625 0.053125
23 0.5453125 0.22109375 0.0890625 0.040625
19 0.40703125 0.453125 0.09375 0.0765625
22 0.54296875 0.45078125 0.1421875 0.0765625
11 0.66328125 0.459375 0.125 0.053125