20 0.659375 0.565625 0.075 0.1328125
5 0.3859375 0.58125 0.08125 0.128125
1 0.584375 0.6078125 0.13125 0.084375
17 0.465625 0.6234375 0.0875 0.04375
13 0.596875 0.8140625 0.0640625 0.159375
10 0.3859375 0.8421875 0.0328125 0.0984375
15 0.465625 0.85 0.125 0.0875
16 0.409375 0.9171875 0.10625 0.115625
0 0.58125 0.921875 0.1109375 0.084375
5 0.3875 0.175 0.1078125 0.1390625
19 0.625 0.2078125 0.1125 0.06875
20 0.66875 0.4203125 0.0765625 0.1234375
18 0.534375 0.453125 0.2015625 0.08125
3 0.3828125 0.4609375 0.053125 0.0625