28 0.54375 0.596875 0.1859375 0.090625
4 0.41640625 0.60625 0.0765625 0.0609375
29 0.68671875 0.6 0.1453125 0.0765625
12 0.64140625 0.871875 0.1453125 0.1046875
8 0.44453125 0.88203125 0.1203125 0.1
2 0.53046875 0.88671875 0.0703125 0.078125
7 0.3859375 0.19296875 0.0921875 0.1140625
15 0.6484375 0.19296875 0.1328125 0.0921875
27 0.53515625 0.215625 0.0625 0.0453125
10 0.6015625 0.41328125 0.04375 0.103125
19 0.525 0.44765625 0.1140625 0.0703125
3 0.43125 0.45703125 0.0546875 0.0671875
24 0.684375 0.453125 0.0984375 0.05625