2 0.44453125 0.478125 0.1578125 0.0375
21 0.678125 0.5875 0.1171875 0.0953125
14 0.56875 0.59765625 0.103125 0.078125
27 0.45703125 0.60625 0.090625 0.0609375
19 0.5359375 0.85234375 0.0953125 0.0984375
7 0.6625 0.86484375 0.1640625 0.10625
24 0.44453125 0.87578125 0.0921875 0.090625
5 0.6890625 0.18203125 0.1171875 0.1140625
17 0.590625 0.2265625 0.1203125 0.0296875
10 0.6625 0.41484375 0.0421875 0.10625
16 0.47109375 0.43984375 0.1234375 0.071875
3 0.5546875 0.4484375 0.0546875 0.071875
18 0.6375 0.45 0.2 0.075