23 0.48125 0.46484375 0.0921875 0.053125
26 0.578125 0.47578125 0.071875 0.0375
5 0.45546875 0.54609375 0.0984375 0.109375
25 0.55390625 0.5765625 0.115625 0.0875
3 0.671875 0.5953125 0.05625 0.071875
28 0.45703125 0.60390625 0.1875 0.115625
8 0.63125 0.62734375 0.1609375 0.0625
13 0.6546875 0.83359375 0.071875 0.1515625
16 0.41796875 0.84609375 0.1015625 0.0859375
21 0.5125 0.85390625 0.096875 0.0796875
13 0.6828125 0.86328125 0.0796875 0.171875
20 0.59375 0.86796875 0.0828125 0.14375
1 0.65625 0.92578125 0.14375 0.128125
12 0.48515625 0.9328125 0.0921875 0.0859375
11 0.38515625 0.92890625 0.103125 0.1046875
18 0.41796875 0.15 0.128125 0.1875
20 0.70078125 0.18671875 0.06875 0.128125
10 0.7328125 0.20078125 0.0484375 0.1109375
15 0.6296875 0.2 0.0921875 0.0921875
22 0.50546875 0.2140625 0.1140625 0.065625
7 0.69140625 0.43515625 0.1140625 0.15625
19 0.546875 0.43984375 0.0890625 0.0734375
0 0.4390625 0.4359375 0.1125 0.0703125
26 0.6609375 0.46796875 0.09375 0.0734375
6 0.39140625 0.45859375 0.0640625 0.05625