27 0.4484375 0.590625 0.0828125 0.05
21 0.671875 0.5953125 0.1109375 0.090625
14 0.565625 0.5984375 0.09375 0.0765625
2 0.446875 0.6359375 0.1609375 0.034375
12 0.615625 0.865625 0.178125 0.0796875
24 0.459375 0.86875 0.1078125 0.078125
5 0.696875 0.1921875 0.109375 0.109375
16 0.4546875 0.2109375 0.1203125 0.065625
17 0.603125 0.23125 0.11875 0.025
10 0.665625 0.421875 0.0390625 0.1046875
3 0.5546875 0.4453125 0.0515625 0.06875
18 0.634375 0.453125 0.1921875 0.0671875
1 0.4484375 0.4546875 0.140625 0.059375