20 0.66015625 0.56953125 0.0765625 0.134375
5 0.38359375 0.57421875 0.0890625 0.121875
17 0.55078125 0.621875 0.075 0.0515625
13 0.5796875 0.809375 0.0625 0.1453125
10 0.37109375 0.8375 0.0375 0.1015625
12 0.5484375 0.903125 0.178125 0.084375
16 0.39140625 0.91796875 0.1125 0.1234375
5 0.40078125 0.16796875 0.1078125 0.1453125
25 0.50390625 0.2015625 0.1296875 0.08125
0 0.58828125 0.2140625 0.184375 0.0765625
22 0.6921875 0.2234375 0.06875 0.053125
19 0.425 0.44453125 0.090625 0.084375
11 0.6296875 0.459375 0.1328125 0.0484375
26 0.5265625 0.45859375 0.13125 0.06875