5 0.39375 0.5828125 0.0734375 0.115625
22 0.65 0.5890625 0.09375 0.0796875
14 0.475 0.5921875 0.0875 0.090625
25 0.6234375 0.8234375 0.0984375 0.0875
12 0.4203125 0.8859375 0.125 0.0921875
26 0.6734375 0.9 0.1296875 0.10625
18 0.53125 0.903125 0.175 0.1421875
20 0.559375 0.184375 0.078125 0.1203125
28 0.665625 0.2046875 0.1375 0.075
27 0.4234375 0.20625 0.0984375 0.0578125
10 0.4 0.4203125 0.034375 0.096875
21 0.525 0.4484375 0.140625 0.075
8 0.6703125 0.4640625 0.146875 0.0578125
17 0.3921875 0.465625 0.0765625 0.0328125