0 0.5609375 0.59765625 0.134375 0.090625
29 0.678125 0.6109375 0.1453125 0.0765625
8 0.434375 0.60703125 0.1265625 0.071875
12 0.57890625 0.8875 0.140625 0.10625
7 0.43046875 0.88671875 0.140625 0.1234375
2 0.68203125 0.9015625 0.0890625 0.0859375
10 0.71640625 0.19296875 0.0453125 0.103125
19 0.42890625 0.2046875 0.1078125 0.0671875
3 0.6578125 0.21640625 0.0578125 0.059375
27 0.553125 0.21953125 0.0671875 0.0515625
28 0.69140625 0.44375 0.13125 0.0921875
24 0.56015625 0.44921875 0.11875 0.0578125
4 0.44921875 0.45546875 0.1078125 0.05