17 0.38828125 0.46875 0.08125 0.0390625
20 0.65859375 0.5625 0.071875 0.1328125
5 0.390625 0.5828125 0.0734375 0.1203125
14 0.4734375 0.58671875 0.0859375 0.0859375
22 0.5734375 0.6078125 0.1046875 0.0859375
25 0.62734375 0.82734375 0.1015625 0.103125
1 0.540625 0.87421875 0.125 0.1
12 0.42421875 0.8875 0.1234375 0.096875
26 0.67734375 0.9 0.1296875 0.10625
13 0.5046875 0.159375 0.071875 0.1796875
20 0.41015625 0.18125 0.08125 0.1265625
15 0.61015625 0.18984375 0.1234375 0.103125
3 0.42890625 0.45 0.0484375 0.0609375
21 0.50546875 0.4515625 0.1390625 0.075
16 0.64921875 0.45078125 0.115625 0.071875