3 0.5484375 0.6 0.0515625 0.065625
16 0.4421875 0.59765625 0.1015625 0.0796875
27 0.66953125 0.6109375 0.0703125 0.053125
4 0.4265625 0.86796875 0.0734375 0.06875
29 0.66640625 0.878125 0.103125 0.0859375
26 0.53046875 0.8890625 0.0796875 0.0953125
25 0.57578125 0.20546875 0.1265625 0.0875
7 0.45234375 0.20625 0.146875 0.06875
21 0.70703125 0.21484375 0.1484375 0.0765625
20 0.69375 0.41796875 0.0828125 0.1234375
22 0.45703125 0.4390625 0.0953125 0.065625
0 0.5765625 0.45703125 0.115625 0.0703125