25 0.55390625 0.578125 0.1203125 0.1
9 0.37734375 0.5703125 0.046875 0.146875
1 0.4515625 0.58203125 0.125 0.075
14 0.66796875 0.60703125 0.1125 0.1015625
23 0.446875 0.62265625 0.090625 0.059375
13 0.5953125 0.82421875 0.0734375 0.1578125
13 0.659375 0.82890625 0.065625 0.1609375
7 0.4171875 0.86328125 0.134375 0.1140625
17 0.52421875 0.8734375 0.0765625 0.06875
0 0.640625 0.8984375 0.134375 0.090625
15 0.7078125 0.20546875 0.096875 0.09375
26 0.61953125 0.225 0.1125 0.0578125
28 0.44765625 0.4484375 0.1875 0.096875
27 0.62734375 0.4625 0.0734375 0.0609375