15 0.40859375 0.578125 0.1 0.1109375
3 0.51796875 0.60078125 0.0515625 0.0671875
7 0.63828125 0.60859375 0.1671875 0.1078125
5 0.53671875 0.84609375 0.1078125 0.0828125
0 0.63984375 0.8703125 0.1203125 0.1
16 0.41328125 0.87109375 0.10625 0.109375
1 0.50859375 0.91015625 0.1484375 0.0890625
13 0.6703125 0.17734375 0.065625 0.1578125
26 0.43984375 0.21640625 0.1421875 0.0578125
23 0.56484375 0.225 0.090625 0.04375
19 0.41015625 0.446875 0.0953125 0.0796875
22 0.54609375 0.45390625 0.14375 0.08125
11 0.665625 0.47109375 0.1265625 0.0578125