20 0.65859375 0.5671875 0.0734375 0.134375
5 0.38125 0.57890625 0.0828125 0.115625
1 0.5828125 0.609375 0.13125 0.084375
17 0.45859375 0.62578125 0.0890625 0.0453125
13 0.58984375 0.81875 0.0625 0.159375
10 0.3796875 0.84140625 0.0359375 0.1
15 0.459375 0.85078125 0.1265625 0.090625
11 0.64921875 0.91015625 0.103125 0.0890625
16 0.40078125 0.921875 0.1171875 0.121875
5 0.39609375 0.175 0.109375 0.14375
19 0.62890625 0.21015625 0.1109375 0.078125
20 0.671875 0.425 0.0796875 0.1296875
3 0.38515625 0.45859375 0.0546875 0.0640625
7 0.51640625 0.4640625 0.1640625 0.059375