5 0.4390625 0.5546875 0.1015625 0.1171875
28 0.665625 0.603125 0.1296875 0.0890625
14 0.409375 0.60625 0.1203125 0.0953125
26 0.53125 0.6125 0.1453125 0.078125
1 0.6875 0.875 0.1171875 0.1234375
9 0.440625 0.9046875 0.121875 0.0890625
3 0.5875 0.9140625 0.0546875 0.071875
19 0.4046875 0.2015625 0.10625 0.0828125
27 0.5578125 0.2109375 0.0703125 0.05
17 0.68125 0.2328125 0.0890625 0.0234375
22 0.5265625 0.44375 0.0859375 0.0765625
25 0.5953125 0.4515625 0.109375 0.0828125
11 0.6703125 0.453125 0.10625 0.046875
12 0.4171875 0.465625 0.125 0.0546875