26 0.58203125 0.46875 0.071875 0.0328125
5 0.46328125 0.55078125 0.0953125 0.1
25 0.5640625 0.57734375 0.1109375 0.0890625
3 0.6734375 0.5828125 0.0625 0.0671875
28 0.4609375 0.60234375 0.1890625 0.1046875
23 0.63203125 0.61328125 0.0953125 0.0484375
13 0.67890625 0.8203125 0.0640625 0.14375
20 0.60625 0.8421875 0.0671875 0.1328125
16 0.440625 0.84453125 0.090625 0.078125
13 0.7078125 0.85546875 0.0703125 0.1796875
1 0.68828125 0.9125 0.1328125 0.121875
21 0.42421875 0.921875 0.1296875 0.121875
12 0.53828125 0.92265625 0.09375 0.0796875
18 0.39375 0.15625 0.128125 0.1875
20 0.51328125 0.1765625 0.08125 0.1421875
15 0.61015625 0.18984375 0.1 0.09375
6 0.696875 0.21875 0.0625 0.046875
7 0.684375 0.4171875 0.10625 0.146875
10 0.38671875 0.43671875 0.0390625 0.11875
19 0.54296875 0.43359375 0.078125 0.0734375
0 0.45546875 0.45390625 0.1046875 0.0734375
26 0.66015625 0.4578125 0.0859375 0.0734375