20 0.6625 0.55546875 0.0765625 0.1359375
5 0.39375 0.58828125 0.0828125 0.128125
15 0.47578125 0.6015625 0.1015625 0.109375
3 0.671875 0.60859375 0.0546875 0.0671875
25 0.640625 0.82265625 0.1046875 0.103125
10 0.40859375 0.84765625 0.0421875 0.1
1 0.55703125 0.87421875 0.1203125 0.1015625
11 0.66953125 0.90234375 0.1296875 0.075
9 0.44609375 0.940625 0.1578125 0.1
13 0.49453125 0.159375 0.08125 0.178125
20 0.39921875 0.184375 0.0890625 0.1296875
23 0.63984375 0.2140625 0.1 0.04375
21 0.50234375 0.45 0.146875 0.0890625
16 0.64921875 0.446875 0.1171875 0.084375
6 0.39921875 0.46328125 0.0640625 0.05625