28 0.653125 0.58203125 0.140625 0.0921875
27 0.41796875 0.603125 0.078125 0.06875
16 0.53515625 0.60078125 0.1078125 0.0875
5 0.5734375 0.84765625 0.1078125 0.090625
0 0.665625 0.85546875 0.115625 0.10625
20 0.4484375 0.86484375 0.078125 0.1453125
1 0.5421875 0.909375 0.146875 0.0859375
13 0.63984375 0.16328125 0.0640625 0.15625
26 0.41484375 0.221875 0.1421875 0.0515625
23 0.53828125 0.21875 0.0921875 0.0421875
19 0.403125 0.459375 0.0984375 0.0890625
22 0.540625 0.4546875 0.1421875 0.075
11 0.6609375 0.45703125 0.121875 0.0546875