15 0.4359375 0.58828125 0.096875 0.115625
11 0.6546875 0.59609375 0.06875 0.0640625
25 0.5078125 0.853125 0.1234375 0.1203125
27 0.66328125 0.8875 0.0609375 0.0828125
23 0.40390625 0.8859375 0.0890625 0.0734375
10 0.41796875 0.1890625 0.0421875 0.096875
4 0.475 0.21328125 0.078125 0.0484375
7 0.640625 0.22265625 0.1640625 0.0609375
24 0.5046875 0.428125 0.1015625 0.0828125
21 0.41953125 0.4390625 0.0921875 0.078125
16 0.57421875 0.4484375 0.103125 0.0796875
29 0.69140625 0.4640625 0.1359375 0.053125