4 0.44375 0.5984375 0.096875 0.05625
27 0.64921875 0.60859375 0.0625 0.0515625
2 0.5578125 0.62578125 0.0890625 0.05
10 0.7015625 0.89609375 0.0515625 0.121875
29 0.5828125 0.896875 0.1828125 0.084375
1 0.4140625 0.9109375 0.1359375 0.10625
13 0.70234375 0.16640625 0.071875 0.1765625
16 0.56796875 0.21171875 0.0953125 0.0703125
3 0.45078125 0.2171875 0.0546875 0.053125
20 0.6515625 0.42265625 0.0703125 0.1453125
14 0.56484375 0.43828125 0.096875 0.08125
22 0.45859375 0.4421875 0.1328125 0.090625