2 0.59765625 0.4671875 0.075 0.0359375
5 0.44453125 0.56640625 0.08125 0.1171875
19 0.53125 0.57890625 0.1 0.0640625
29 0.64921875 0.61171875 0.1453125 0.0484375
20 0.61328125 0.8203125 0.06875 0.125
7 0.69140625 0.8953125 0.1453125 0.109375
26 0.45234375 0.91171875 0.140625 0.06875
25 0.55703125 0.19921875 0.1234375 0.0859375
16 0.66640625 0.2046875 0.103125 0.0671875
4 0.4671875 0.21484375 0.0859375 0.05
13 0.41484375 0.440625 0.084375 0.075
14 0.68046875 0.4453125 0.1046875 0.06875
17 0.50859375 0.4625 0.0984375 0.0421875