7 0.596875 0.5515625 0.1765625 0.090625
14 0.4046875 0.584375 0.146875 0.0921875
18 0.5828125 0.5984375 0.159375 0.09375
15 0.3453125 0.86484375 0.0875 0.1015625
23 0.45078125 0.875 0.0953125 0.071875
8 0.60546875 0.88203125 0.134375 0.10625
10 0.4671875 0.190625 0.046875 0.103125
19 0.36640625 0.196875 0.1109375 0.0734375
22 0.53671875 0.21015625 0.1109375 0.0796875
1 0.63046875 0.21875 0.0796875 0.05625
28 0.3796875 0.41015625 0.14375 0.0859375
25 0.625 0.4484375 0.1296875 0.0984375
17 0.4890625 0.45703125 0.0890625 0.0421875