20 0.67890625 0.5609375 0.075 0.1328125
14 0.44375 0.58359375 0.096875 0.0890625
25 0.559375 0.58515625 0.1078125 0.09375
13 0.61171875 0.8046875 0.065625 0.140625
3 0.409375 0.8703125 0.0484375 0.06875
10 0.42421875 0.8921875 0.0390625 0.1078125
28 0.60390625 0.9203125 0.15 0.121875
27 0.63984375 0.20703125 0.0609375 0.0515625
23 0.5 0.221875 0.0953125 0.0359375
5 0.425 0.4234375 0.1125 0.1375
19 0.53203125 0.44453125 0.090625 0.0796875
21 0.69140625 0.446875 0.078125 0.071875
21 0.61796875 0.45234375 0.05 0.05625