5 0.52734375 0.57109375 0.0921875 0.140625
23 0.6234375 0.58828125 0.1015625 0.0609375
25 0.4171875 0.6015625 0.11875 0.1015625
0 0.696875 0.84609375 0.0625 0.0734375
15 0.6140625 0.85546875 0.1 0.1265625
1 0.52421875 0.87890625 0.1328125 0.1125
11 0.42421875 0.8828125 0.1046875 0.0828125
18 0.63984375 0.2 0.1734375 0.0890625
22 0.41640625 0.2078125 0.14375 0.090625
7 0.51796875 0.21640625 0.109375 0.059375
16 0.6359375 0.4421875 0.0890625 0.06875
27 0.58125 0.453125 0.1140625 0.0734375
8 0.4296875 0.46640625 0.1265625 0.059375