28 0.66171875 0.60859375 0.140625 0.0953125
22 0.53515625 0.60625 0.109375 0.0953125
23 0.40859375 0.6171875 0.0828125 0.04375
18 0.6765625 0.85625 0.1125 0.225
14 0.59375 0.8671875 0.103125 0.096875
9 0.425 0.90546875 0.121875 0.0828125
27 0.56328125 0.21171875 0.05625 0.05
6 0.65078125 0.21953125 0.0703125 0.046875
11 0.7109375 0.23046875 0.0859375 0.0453125
10 0.6625 0.41484375 0.04375 0.0734375
25 0.43203125 0.42421875 0.1265625 0.0765625
7 0.6859375 0.4515625 0.128125 0.0953125
26 0.578125 0.45859375 0.1265625 0.0640625
21 0.43125 0.45703125 0.171875 0.0875