26 0.58203125 0.46875 0.075 0.0375
5 0.46484375 0.5625 0.1015625 0.1390625
25 0.56171875 0.57578125 0.1203125 0.0953125
28 0.628125 0.5953125 0.1890625 0.0984375
13 0.68515625 0.8234375 0.0703125 0.159375
1 0.59375 0.8484375 0.1375 0.1
13 0.7140625 0.84453125 0.075 0.1640625
21 0.42578125 0.8859375 0.1203125 0.125
18 0.38984375 0.16171875 0.1328125 0.178125
20 0.5109375 0.17734375 0.084375 0.1296875
15 0.6015625 0.19453125 0.109375 0.0890625
6 0.69140625 0.21015625 0.0734375 0.046875
7 0.6859375 0.4109375 0.1140625 0.15
10 0.38984375 0.43828125 0.046875 0.1171875
19 0.54453125 0.4359375 0.0875 0.090625
22 0.4578125 0.4484375 0.096875 0.06875
26 0.6578125 0.45546875 0.090625 0.0734375