1 0.4515625 0.59375 0.1125 0.096875
28 0.6671875 0.59609375 0.1421875 0.103125
22 0.54140625 0.6015625 0.1015625 0.0875
16 0.5015625 0.8640625 0.096875 0.0765625
25 0.4203125 0.9046875 0.11875 0.1203125
18 0.4046875 0.1921875 0.171875 0.11875
6 0.61640625 0.21171875 0.0796875 0.05625
11 0.68359375 0.215625 0.08125 0.04375
17 0.5375 0.2265625 0.0859375 0.03125
10 0.40078125 0.4265625 0.04375 0.103125
19 0.55234375 0.4359375 0.0921875 0.078125
0 0.6375 0.4484375 0.1109375 0.0734375
27 0.4359375 0.45546875 0.084375 0.059375