12 0.65859375 0.47109375 0.1515625 0.05625
20 0.65546875 0.57578125 0.0734375 0.14375
5 0.38125 0.57890625 0.09375 0.125
15 0.4640625 0.5984375 0.1046875 0.1015625
1 0.57890625 0.609375 0.134375 0.084375
3 0.66015625 0.62265625 0.053125 0.0671875
10 0.37890625 0.83828125 0.0390625 0.1
23 0.52421875 0.88828125 0.0953125 0.0796875
11 0.640625 0.91328125 0.103125 0.090625
9 0.40859375 0.9328125 0.1578125 0.0984375
17 0.58203125 0.9640625 0.1203125 0.06875
13 0.52421875 0.16171875 0.078125 0.184375
20 0.4265625 0.178125 0.0859375 0.1296875
16 0.63671875 0.221875 0.1203125 0.0640625
21 0.5359375 0.453125 0.0984375 0.08125
6 0.4046875 0.453125 0.0640625 0.0546875