26 0.58203125 0.4703125 0.075 0.0375
25 0.6421875 0.58125 0.11875 0.096875
1 0.53515625 0.60078125 0.1421875 0.096875
3 0.40546875 0.6078125 0.0546875 0.065625
15 0.6828125 0.865625 0.096875 0.11875
21 0.56328125 0.88359375 0.096875 0.1359375
16 0.42734375 0.890625 0.1171875 0.1171875
18 0.39140625 0.16328125 0.128125 0.1734375
27 0.49921875 0.215625 0.0625 0.0453125
6 0.68984375 0.21171875 0.0734375 0.0484375
17 0.60625 0.22578125 0.0921875 0.028125
7 0.6859375 0.4125 0.1046875 0.1421875
10 0.38984375 0.43828125 0.04375 0.115625
19 0.54453125 0.440625 0.0828125 0.09375
22 0.4609375 0.45 0.1046875 0.065625
26 0.6609375 0.45234375 0.0890625 0.0703125