12 0.65625 0.46015625 0.1515625 0.05625
20 0.66015625 0.56484375 0.0734375 0.14375
5 0.3875 0.58671875 0.09375 0.125
15 0.4703125 0.60078125 0.1046875 0.1015625
1 0.58671875 0.603125 0.134375 0.084375
3 0.66796875 0.61171875 0.053125 0.0671875
10 0.40234375 0.84609375 0.0390625 0.1
23 0.55078125 0.8859375 0.0953125 0.0796875
11 0.66875 0.90234375 0.103125 0.090625
9 0.4390625 0.93828125 0.1578125 0.0984375
17 0.61484375 0.95859375 0.11875 0.071875
13 0.50078125 0.1609375 0.078125 0.184375
20 0.4046875 0.184375 0.0859375 0.1296875
16 0.61640625 0.21328125 0.1203125 0.0640625
21 0.5328125 0.45078125 0.0984375 0.08125
6 0.4015625 0.459375 0.0640625 0.0546875