10 0.47421875 0.56796875 0.04375 0.1203125
28 0.66171875 0.60703125 0.1375 0.1
23 0.40546875 0.6203125 0.0828125 0.0515625
8 0.6296875 0.8953125 0.1171875 0.1015625
9 0.421875 0.90390625 0.11875 0.0875
19 0.43046875 0.19765625 0.1 0.0875
27 0.56328125 0.21484375 0.0578125 0.0546875
6 0.65234375 0.21953125 0.0703125 0.05
11 0.7046875 0.22890625 0.1015625 0.0484375
25 0.4375 0.41484375 0.0984375 0.05
22 0.54375 0.4453125 0.096875 0.0796875
16 0.6640625 0.46171875 0.1109375 0.0734375
21 0.4328125 0.45703125 0.19375 0.06875