12 0.65625 0.46015625 0.1515625 0.0578125
20 0.66015625 0.56171875 0.0734375 0.1359375
5 0.3890625 0.58828125 0.084375 0.11875
15 0.4703125 0.59921875 0.1015625 0.1015625
1 0.58828125 0.60625 0.13125 0.0859375
3 0.66953125 0.61171875 0.053125 0.0671875
25 0.63359375 0.825 0.103125 0.1
10 0.40234375 0.84609375 0.040625 0.1
23 0.54296875 0.8859375 0.0953125 0.08125
11 0.65625 0.89921875 0.1390625 0.0859375
9 0.4390625 0.93828125 0.15625 0.0984375
17 0.61328125 0.96015625 0.109375 0.0671875
13 0.49609375 0.1609375 0.0796875 0.1921875
20 0.4046875 0.1828125 0.084375 0.128125
16 0.61484375 0.21171875 0.1078125 0.065625
21 0.5046875 0.4484375 0.1484375 0.090625
6 0.4 0.4609375 0.0640625 0.0546875