1 0.4484375 0.58828125 0.109375 0.0921875
22 0.5421875 0.60234375 0.1015625 0.096875
28 0.6671875 0.6 0.1359375 0.090625
3 0.40078125 0.61875 0.0546875 0.0703125
18 0.7 0.846875 0.10625 0.234375
19 0.51875 0.8734375 0.090625 0.10625
12 0.41640625 0.9015625 0.103125 0.10625
26 0.54375 0.21015625 0.05625 0.046875
6 0.634375 0.21171875 0.0671875 0.059375
11 0.6953125 0.21875 0.0859375 0.0375
9 0.4125 0.2328125 0.146875 0.028125
10 0.6609375 0.4140625 0.04375 0.090625
25 0.4265625 0.421875 0.1171875 0.06875
7 0.68359375 0.446875 0.1125 0.090625
21 0.42734375 0.4578125 0.1734375 0.0875
26 0.57734375 0.45625 0.13125 0.0640625