1 0.45625 0.590625 0.1171875 0.1
28 0.67265625 0.5984375 0.1359375 0.1
22 0.54140625 0.603125 0.10625 0.0890625
3 0.4015625 0.62890625 0.0640625 0.0796875
15 0.690625 0.8484375 0.084375 0.1140625
19 0.52109375 0.87265625 0.0875 0.096875
16 0.61015625 0.87109375 0.0890625 0.1
12 0.4296875 0.89453125 0.0875 0.071875
27 0.53828125 0.209375 0.0546875 0.046875
6 0.62734375 0.2109375 0.0765625 0.05
11 0.68984375 0.21640625 0.0765625 0.0359375
25 0.425 0.41171875 0.128125 0.046875
10 0.6578125 0.41015625 0.040625 0.0859375
7 0.6890625 0.4484375 0.1140625 0.103125
26 0.5765625 0.45390625 0.1265625 0.0640625
21 0.43125 0.46171875 0.1765625 0.0828125