2 0.42890625 0.4734375 0.078125 0.034375
16 0.49375 0.58125 0.1015625 0.0765625
21 0.675 0.590625 0.11875 0.09375
14 0.559375 0.59921875 0.1046875 0.078125
27 0.4484375 0.60546875 0.084375 0.0640625
19 0.528125 0.84921875 0.0984375 0.09375
7 0.65 0.86796875 0.1703125 0.10625
24 0.4359375 0.87421875 0.0890625 0.0875
5 0.68984375 0.1890625 0.071875 0.1125
17 0.6125 0.22578125 0.0921875 0.028125
10 0.6609375 0.4171875 0.0390625 0.1015625
3 0.54921875 0.44453125 0.0515625 0.0671875
18 0.63203125 0.45078125 0.1875 0.0703125