27 0.5265625 0.59609375 0.084375 0.0671875
24 0.665625 0.6078125 0.1 0.0671875
26 0.40546875 0.6140625 0.090625 0.05625
19 0.5296875 0.86796875 0.0890625 0.08125
21 0.6828125 0.88125 0.109375 0.125
0 0.42578125 0.88125 0.1171875 0.09375
13 0.60078125 0.165625 0.0734375 0.159375
25 0.71015625 0.20234375 0.1328125 0.09375
3 0.4828125 0.21875 0.05 0.05
23 0.4171875 0.21875 0.084375 0.0421875
20 0.428125 0.4109375 0.0828125 0.1375
18 0.5609375 0.42265625 0.190625 0.0953125
8 0.66328125 0.4640625 0.1953125 0.0515625