12 0.68046875 0.471875 0.1421875 0.0578125
15 0.409375 0.58125 0.10625 0.109375
18 0.51796875 0.60703125 0.2078125 0.1046875
6 0.65390625 0.61953125 0.0671875 0.0609375
14 0.5328125 0.8578125 0.11875 0.1015625
5 0.53828125 0.8765625 0.0921875 0.15
3 0.625 0.9015625 0.053125 0.0734375
7 0.39921875 0.9140625 0.1359375 0.1296875
20 0.425 0.175 0.0765625 0.1296875
19 0.68671875 0.2140625 0.096875 0.0703125
1 0.56484375 0.21796875 0.125 0.0609375
22 0.54296875 0.44375 0.1125 0.078125
8 0.434375 0.46015625 0.1296875 0.0640625