21 0.53828125 0.578125 0.1921875 0.090625
19 0.42421875 0.60234375 0.11875 0.0828125
15 0.428125 0.86328125 0.1296875 0.103125
29 0.665625 0.8953125 0.140625 0.115625
24 0.56875 0.89296875 0.096875 0.0890625
5 0.475 0.18046875 0.0890625 0.1296875
7 0.58359375 0.215625 0.109375 0.08125
3 0.42109375 0.2109375 0.059375 0.0640625
0 0.7015625 0.22578125 0.075 0.0734375
13 0.44765625 0.3953125 0.0625 0.1578125
27 0.66875 0.45 0.0484375 0.05625
4 0.421875 0.45625 0.075 0.0640625
8 0.5359375 0.4671875 0.1265625 0.05625