4 0.45078125 0.6015625 0.096875 0.05625
27 0.65625 0.59765625 0.0625 0.0515625
2 0.56640625 0.62109375 0.0890625 0.05
10 0.72890625 0.88125 0.0515625 0.121875
29 0.6109375 0.88984375 0.1828125 0.084375
1 0.44296875 0.91640625 0.1359375 0.10625
13 0.67890625 0.153125 0.071875 0.1765625
16 0.54765625 0.2078125 0.0953125 0.0703125
3 0.43046875 0.22109375 0.0546875 0.053125
20 0.6453125 0.41171875 0.0703125 0.1453125
14 0.56015625 0.43359375 0.096875 0.08125
22 0.4546875 0.4453125 0.1328125 0.090625