5 0.48671875 0.5609375 0.0921875 0.1140625
23 0.41015625 0.6171875 0.0875 0.0578125
26 0.68046875 0.6171875 0.121875 0.0734375
17 0.55234375 0.62109375 0.09375 0.0484375
11 0.4140625 0.88125 0.0984375 0.08125
12 0.67265625 0.88125 0.134375 0.096875
1 0.56015625 0.90390625 0.1390625 0.0890625
5 0.69765625 0.1875 0.08125 0.1015625
7 0.4359375 0.22109375 0.1765625 0.0546875
13 0.5625 0.39140625 0.0703125 0.1484375
18 0.45390625 0.44296875 0.1703125 0.0890625
22 0.54296875 0.46015625 0.128125 0.0671875
8 0.66484375 0.4578125 0.1296875 0.059375