7 0.5984375 0.5484375 0.1734375 0.084375
14 0.4078125 0.5875 0.14375 0.0875
18 0.5859375 0.5953125 0.15625 0.0890625
15 0.3578125 0.8703125 0.084375 0.0984375
23 0.4640625 0.8765625 0.09375 0.06875
8 0.61875 0.878125 0.13125 0.1015625
10 0.45625 0.1921875 0.04375 0.1015625
19 0.35625 0.2015625 0.1078125 0.0703125
22 0.5265625 0.209375 0.1078125 0.0765625
1 0.6203125 0.2140625 0.078125 0.053125
28 0.3765625 0.4140625 0.140625 0.08125
25 0.6234375 0.44375 0.1265625 0.09375
17 0.4875 0.4578125 0.0875 0.0390625