23 0.47890625 0.465625 0.090625 0.05
26 0.57578125 0.4703125 0.0703125 0.0359375
5 0.45859375 0.54921875 0.0953125 0.10625
25 0.559375 0.57265625 0.1125 0.0828125
3 0.678125 0.5828125 0.0546875 0.0703125
28 0.4640625 0.60703125 0.184375 0.109375
8 0.63984375 0.61796875 0.159375 0.0578125
13 0.67734375 0.821875 0.0671875 0.15
16 0.4421875 0.85078125 0.0984375 0.0828125
21 0.5375 0.85234375 0.0953125 0.0765625
13 0.7078125 0.84921875 0.0734375 0.1703125
20 0.61875 0.86015625 0.078125 0.1421875
1 0.68515625 0.9140625 0.1390625 0.1234375
12 0.515625 0.9328125 0.0890625 0.0828125
11 0.415625 0.9359375 0.1 0.1015625
18 0.39375 0.15625 0.121875 0.1828125
20 0.67890625 0.1734375 0.0640625 0.1265625
10 0.71171875 0.18515625 0.04375 0.109375
15 0.60859375 0.1921875 0.0890625 0.0890625
22 0.4859375 0.2140625 0.1125 0.0609375
7 0.6859375 0.421875 0.109375 0.153125
19 0.54296875 0.43671875 0.0875 0.0703125
0 0.43515625 0.43984375 0.1109375 0.065625
26 0.65859375 0.45625 0.0921875 0.0703125
6 0.38828125 0.465625 0.0625 0.0546875