5 0.48515625 0.5578125 0.0890625 0.1109375
14 0.4375 0.59921875 0.10625 0.1046875
26 0.68046875 0.6171875 0.115625 0.075
17 0.54609375 0.62265625 0.08125 0.0453125
19 0.5046875 0.8640625 0.109375 0.103125
11 0.40859375 0.8828125 0.08125 0.08125
12 0.67265625 0.88125 0.1375 0.0984375
5 0.69296875 0.190625 0.0796875 0.10625
7 0.4328125 0.21484375 0.1671875 0.059375
13 0.5625 0.39296875 0.0734375 0.14375
18 0.44453125 0.44453125 0.15625 0.084375
22 0.54296875 0.46015625 0.1265625 0.0640625
8 0.66484375 0.459375 0.1296875 0.0578125