10 0.4765625 0.5671875 0.0375 0.1203125
28 0.6640625 0.603125 0.134375 0.0984375
23 0.4140625 0.6234375 0.0921875 0.0484375
18 0.690625 0.8546875 0.1015625 0.2203125
7 0.5078125 0.875 0.1296875 0.103125
9 0.4390625 0.9015625 0.1390625 0.078125
19 0.4125 0.203125 0.1078125 0.0859375
27 0.553125 0.2125 0.053125 0.046875
6 0.640625 0.215625 0.0609375 0.0515625
11 0.696875 0.221875 0.1015625 0.034375
25 0.4328125 0.421875 0.1171875 0.0640625
22 0.5421875 0.4453125 0.0921875 0.0671875
16 0.6640625 0.4546875 0.115625 0.065625
21 0.4375 0.459375 0.1890625 0.0765625