5 0.5546875 0.58671875 0.121875 0.1015625
22 0.646875 0.59453125 0.0953125 0.0828125
18 0.43203125 0.60234375 0.178125 0.0890625
12 0.40390625 0.8828125 0.1234375 0.096875
17 0.51015625 0.88984375 0.0828125 0.0625
27 0.6484375 0.89609375 0.0765625 0.075
20 0.40390625 0.17109375 0.08125 0.1375
20 0.571875 0.18671875 0.078125 0.125
25 0.66640625 0.21328125 0.1140625 0.0734375
0 0.48359375 0.21640625 0.1125 0.0609375
14 0.63671875 0.4375 0.1328125 0.0859375
28 0.40859375 0.4421875 0.1265625 0.0890625
3 0.66875 0.46640625 0.053125 0.0640625
26 0.521875 0.46484375 0.121875 0.0625