5 0.43046875 0.56171875 0.1 0.1296875
28 0.66640625 0.6078125 0.134375 0.1
14 0.40546875 0.6078125 0.11875 0.1015625
26 0.53046875 0.61484375 0.1453125 0.0734375
5 0.5671875 0.85546875 0.0984375 0.1171875
1 0.67890625 0.8828125 0.1140625 0.125
9 0.41875 0.90234375 0.1296875 0.090625
19 0.41484375 0.196875 0.1046875 0.0875
27 0.56953125 0.21484375 0.0640625 0.0515625
17 0.6953125 0.23671875 0.09375 0.0296875
10 0.67890625 0.4421875 0.0546875 0.1171875
6 0.61484375 0.44140625 0.065625 0.028125
22 0.5375 0.446875 0.1 0.0765625
16 0.4375 0.45390625 0.1109375 0.06875
11 0.6546875 0.46171875 0.1328125 0.0578125