25 0.58203125 0.55625 0.103125 0.05625
19 0.43515625 0.57890625 0.1046875 0.071875
20 0.69375 0.57578125 0.0796875 0.1453125
14 0.59375 0.5953125 0.1359375 0.0953125
23 0.4609375 0.628125 0.0984375 0.0578125
13 0.6828125 0.8140625 0.0640625 0.1609375
13 0.6265625 0.81640625 0.06875 0.165625
17 0.5546875 0.8578125 0.0796875 0.0515625
28 0.69609375 0.91875 0.140625 0.13125
16 0.54296875 0.9234375 0.1171875 0.1171875
1 0.4265625 0.946875 0.1234375 0.096875
18 0.403125 0.184375 0.1671875 0.1234375
15 0.684375 0.19375 0.0890625 0.0921875
26 0.46796875 0.21484375 0.1453125 0.059375
22 0.58984375 0.2109375 0.10625 0.065625
5 0.59140625 0.4234375 0.109375 0.1015625
0 0.42734375 0.43828125 0.1015625 0.059375
6 0.5140625 0.45234375 0.0640625 0.0546875
27 0.4453125 0.4578125 0.090625 0.059375