17 0.39140625 0.47265625 0.0875 0.0453125
20 0.66171875 0.56015625 0.0765625 0.1328125
14 0.471875 0.58671875 0.0921875 0.08125
5 0.3921875 0.58984375 0.0890625 0.1140625
22 0.57421875 0.60703125 0.1140625 0.096875
25 0.63359375 0.825 0.103125 0.103125
12 0.43828125 0.88984375 0.1390625 0.1015625
18 0.54140625 0.8890625 0.1890625 0.1484375
26 0.6859375 0.8921875 0.14375 0.1171875
20 0.546875 0.18125 0.08125 0.121875
19 0.40234375 0.2078125 0.1203125 0.0859375
28 0.65546875 0.19921875 0.1421875 0.096875
3 0.4296875 0.45078125 0.05 0.0609375
21 0.5078125 0.4515625 0.1515625 0.075
16 0.6515625 0.44609375 0.1078125 0.0640625