26 0.58203125 0.471875 0.0734375 0.0359375
25 0.640625 0.58359375 0.1171875 0.09375
1 0.5328125 0.60078125 0.140625 0.0953125
3 0.403125 0.60625 0.0546875 0.065625
15 0.6765625 0.86875 0.09375 0.1171875
21 0.55703125 0.88515625 0.09375 0.134375
16 0.42109375 0.8890625 0.115625 0.1140625
18 0.396875 0.1609375 0.125 0.1703125
27 0.5046875 0.215625 0.0609375 0.0453125
6 0.6953125 0.215625 0.071875 0.046875
17 0.6109375 0.22734375 0.090625 0.0265625
7 0.6875 0.415625 0.103125 0.140625
10 0.39140625 0.4359375 0.040625 0.1140625
19 0.54609375 0.44140625 0.08125 0.0921875
22 0.46171875 0.44921875 0.1046875 0.0640625
26 0.66171875 0.4546875 0.0890625 0.06875