20 0.6671875 0.55546875 0.0765625 0.134375
5 0.4 0.58671875 0.0890625 0.109375
17 0.5734375 0.61015625 0.084375 0.0515625
13 0.61015625 0.80390625 0.0703125 0.1515625
10 0.40234375 0.84765625 0.0390625 0.1015625
12 0.58515625 0.89765625 0.1765625 0.0875
16 0.4328125 0.92265625 0.115625 0.1171875
5 0.3703125 0.1796875 0.10625 0.153125
25 0.4796875 0.20390625 0.13125 0.0859375
22 0.6375 0.2046875 0.1328125 0.075
19 0.4171875 0.44921875 0.096875 0.078125
11 0.62421875 0.446875 0.1296875 0.0453125
26 0.52265625 0.4578125 0.134375 0.06875