2 0.44296875 0.4796875 0.1609375 0.0375
21 0.6796875 0.584375 0.125 0.1
14 0.5671875 0.59375 0.0953125 0.0796875
27 0.45390625 0.60703125 0.090625 0.0625
7 0.69765625 0.84453125 0.10625 0.1515625
19 0.5484375 0.85703125 0.1078125 0.096875
24 0.45703125 0.8734375 0.0890625 0.0890625
5 0.67890625 0.18046875 0.1109375 0.1078125
17 0.5796875 0.225 0.11875 0.0328125
10 0.6578125 0.41015625 0.0453125 0.1015625
16 0.4671875 0.4390625 0.125 0.071875
3 0.55 0.44609375 0.0546875 0.0765625
18 0.63046875 0.44453125 0.2015625 0.075