23 0.63984375 0.46484375 0.075 0.0453125
5 0.43828125 0.56328125 0.109375 0.1171875
28 0.6734375 0.5984375 0.1328125 0.1
26 0.53515625 0.61484375 0.1453125 0.078125
1 0.69375 0.8703125 0.11875 0.11875
9 0.45546875 0.90546875 0.1296875 0.0828125
3 0.59609375 0.9125 0.0609375 0.075
16 0.425 0.2109375 0.125 0.075
27 0.55 0.21015625 0.0578125 0.0546875
6 0.6328125 0.21796875 0.0609375 0.0515625
11 0.6921875 0.2203125 0.096875 0.0421875
25 0.43125 0.425 0.1140625 0.0578125
22 0.54140625 0.44296875 0.09375 0.0734375
21 0.43515625 0.45546875 0.1875 0.0796875