19 0.584375 0.5828125 0.078125 0.0671875
14 0.6796875 0.5921875 0.103125 0.0875
29 0.4640625 0.61015625 0.1734375 0.059375
25 0.415625 0.8609375 0.109375 0.1125
7 0.64375 0.87265625 0.165625 0.1046875
24 0.53359375 0.88515625 0.0875 0.0828125
2 0.5125 0.9453125 0.1578125 0.05
18 0.703125 0.1640625 0.115625 0.1578125
4 0.6125 0.2203125 0.075 0.0484375
8 0.4578125 0.21796875 0.1875 0.046875
20 0.4359375 0.41328125 0.090625 0.1390625
10 0.521875 0.4203125 0.0453125 0.10625
15 0.66875 0.43125 0.121875 0.0984375
21 0.56015625 0.44765625 0.1484375 0.0765625