1 0.44375 0.58125 0.1015625 0.0921875
28 0.66015625 0.61328125 0.1375 0.096875
22 0.53359375 0.60625 0.109375 0.090625
3 0.384375 0.6140625 0.053125 0.06875
16 0.57578125 0.86875 0.0984375 0.0984375
15 0.65703125 0.87578125 0.096875 0.13125
19 0.48515625 0.8703125 0.0984375 0.1046875
12 0.3921875 0.89140625 0.1046875 0.1046875
27 0.56328125 0.2140625 0.05625 0.0515625
6 0.65390625 0.2265625 0.0765625 0.0546875
11 0.7078125 0.23203125 0.0890625 0.0390625
10 0.665625 0.41328125 0.040625 0.065625
25 0.4234375 0.44140625 0.1375 0.0984375
7 0.68515625 0.4578125 0.1296875 0.09375
26 0.57734375 0.46328125 0.1328125 0.0640625