17 0.4140625 0.4703125 0.09375 0.0375
15 0.409375 0.5828125 0.1 0.1078125
6 0.659375 0.6140625 0.071875 0.0625
8 0.53125 0.6171875 0.125 0.06875
14 0.5484375 0.8578125 0.1328125 0.0859375
5 0.5515625 0.8765625 0.1078125 0.1546875
3 0.6375 0.896875 0.0484375 0.071875
7 0.4109375 0.9203125 0.134375 0.121875
20 0.4140625 0.1765625 0.0703125 0.125
19 0.6734375 0.209375 0.0890625 0.0671875
1 0.5546875 0.2125 0.1234375 0.0546875
13 0.546875 0.403125 0.0625 0.1625
23 0.6734375 0.459375 0.1015625 0.0484375