5 0.434375 0.55625 0.1015625 0.13125
19 0.4046875 0.5984375 0.096875 0.090625
28 0.66875 0.6078125 0.1265625 0.09375
26 0.5328125 0.6109375 0.15 0.071875
1 0.6859375 0.875 0.115625 0.1234375
9 0.4359375 0.9046875 0.1359375 0.084375
3 0.5859375 0.9140625 0.0546875 0.071875
10 0.6015625 0.1875 0.0484375 0.115625
25 0.4234375 0.1984375 0.128125 0.09375
27 0.5578125 0.2109375 0.0703125 0.053125
23 0.6671875 0.225 0.0875 0.025
22 0.534375 0.44375 0.1015625 0.071875
12 0.415625 0.4609375 0.13125 0.0578125
21 0.640625 0.4625 0.171875 0.071875