0 0.43125 0.59375 0.11875 0.06875
24 0.52578125 0.61171875 0.1203125 0.071875
29 0.67109375 0.615625 0.1296875 0.071875
7 0.6421875 0.85703125 0.1 0.121875
27 0.4375 0.87265625 0.0890625 0.0640625
19 0.565625 0.87421875 0.0828125 0.078125
20 0.68046875 0.171875 0.078125 0.1390625
22 0.4953125 0.2109375 0.1453125 0.0671875
4 0.396875 0.2171875 0.0765625 0.046875
18 0.4265625 0.4140625 0.128125 0.14375
10 0.5171875 0.415625 0.046875 0.0953125
15 0.66875 0.428125 0.125 0.103125
21 0.55703125 0.44453125 0.1546875 0.075