17 0.52734375 0.47265625 0.1 0.034375
15 0.4140625 0.5875 0.090625 0.0953125
28 0.6671875 0.609375 0.13125 0.0921875
23 0.52890625 0.62421875 0.08125 0.053125
26 0.41171875 0.88125 0.1171875 0.121875
11 0.50390625 0.884375 0.10625 0.08125
20 0.70703125 0.17890625 0.0828125 0.1421875
19 0.60234375 0.203125 0.1 0.0859375
1 0.4328125 0.2140625 0.1453125 0.0640625
10 0.63984375 0.43828125 0.0453125 0.1125
25 0.43046875 0.4375 0.1171875 0.0875
6 0.63828125 0.45546875 0.0671875 0.05
3 0.69453125 0.4625 0.05625 0.0703125