20 0.6640625 0.5640625 0.0734375 0.13125
5 0.39375 0.5953125 0.08125 0.140625
17 0.56875 0.6140625 0.08125 0.0453125
13 0.59375 0.8078125 0.065625 0.14375
10 0.384375 0.8453125 0.034375 0.103125
12 0.5640625 0.903125 0.175 0.0796875
16 0.4078125 0.9234375 0.1140625 0.121875
5 0.3859375 0.1796875 0.10625 0.1609375
25 0.49375 0.203125 0.128125 0.075
0 0.578125 0.2109375 0.1875 0.06875
22 0.6890625 0.21875 0.065625 0.0546875
19 0.425 0.4453125 0.0984375 0.08125
11 0.6296875 0.4546875 0.1328125 0.0453125
26 0.5265625 0.459375 0.128125 0.0671875