28 0.6453125 0.59296875 0.14375 0.0953125
25 0.4203125 0.58671875 0.1125 0.090625
16 0.525 0.60078125 0.1140625 0.0921875
13 0.55390625 0.82890625 0.0671875 0.165625
13 0.49296875 0.828125 0.0734375 0.1609375
5 0.4125 0.859375 0.0859375 0.153125
0 0.646875 0.86953125 0.1171875 0.109375
20 0.41015625 0.171875 0.071875 0.13125
27 0.65546875 0.21328125 0.0609375 0.0421875
26 0.5125 0.2203125 0.1515625 0.0578125
21 0.6203125 0.44765625 0.040625 0.046875
21 0.69375 0.45390625 0.0796875 0.0828125
19 0.425 0.44921875 0.0921875 0.0828125
7 0.5484375 0.4625 0.175 0.0703125