5 0.390625 0.57890625 0.078125 0.11875
22 0.646875 0.59453125 0.096875 0.0828125
14 0.471875 0.59140625 0.090625 0.09375
25 0.61171875 0.82734375 0.1015625 0.090625
12 0.40703125 0.8828125 0.128125 0.096875
26 0.659375 0.90546875 0.1328125 0.1109375
18 0.5171875 0.90390625 0.1796875 0.1484375
20 0.5703125 0.18671875 0.0828125 0.1234375
28 0.67578125 0.2109375 0.140625 0.0796875
27 0.43359375 0.20390625 0.1 0.0609375
10 0.403125 0.4171875 0.0375 0.0984375
21 0.5265625 0.44921875 0.14375 0.0796875
8 0.67109375 0.4703125 0.1484375 0.0625
17 0.39375 0.46171875 0.078125 0.0359375