4 0.446875 0.60078125 0.09375 0.059375
27 0.653125 0.60234375 0.06875 0.053125
2 0.56328125 0.62265625 0.0859375 0.046875
10 0.72421875 0.88359375 0.046875 0.115625
29 0.60078125 0.8921875 0.1890625 0.08125
1 0.43203125 0.9171875 0.134375 0.0984375
13 0.684375 0.1515625 0.0703125 0.184375
3 0.425 0.2140625 0.059375 0.0640625
16 0.5453125 0.21328125 0.1203125 0.0609375
20 0.646875 0.41796875 0.078125 0.140625
14 0.56328125 0.43828125 0.0890625 0.0765625
22 0.45703125 0.44453125 0.1296875 0.0859375