26 0.58359375 0.4765625 0.075 0.0375
25 0.6359375 0.590625 0.11875 0.096875
1 0.52734375 0.60234375 0.1421875 0.096875
3 0.39765625 0.6015625 0.0546875 0.065625
15 0.65703125 0.87734375 0.096875 0.11875
21 0.53671875 0.8875 0.096875 0.1359375
16 0.40078125 0.884375 0.1171875 0.1171875
18 0.41484375 0.15625 0.128125 0.1734375
27 0.51953125 0.21640625 0.0625 0.0453125
6 0.709375 0.22578125 0.0734375 0.0484375
17 0.625 0.23359375 0.0921875 0.028125
7 0.69140625 0.42578125 0.1046875 0.1421875
10 0.39453125 0.43046875 0.04375 0.115625
19 0.54921875 0.44375 0.0828125 0.09375
22 0.4640625 0.446875 0.1046875 0.065625
26 0.6640625 0.46328125 0.0890625 0.0703125