28 0.4546875 0.58828125 0.128125 0.0796875
29 0.6875 0.609375 0.1109375 0.05
7 0.59140625 0.8359375 0.1234375 0.1078125
5 0.4953125 0.8625 0.0875 0.128125
24 0.41953125 0.88125 0.0953125 0.0875
11 0.67265625 0.9078125 0.0609375 0.0765625
11 0.56484375 0.9109375 0.04375 0.04375
16 0.528125 0.21171875 0.1296875 0.059375
4 0.4234375 0.2125 0.075 0.046875
17 0.696875 0.2296875 0.115625 0.034375
13 0.6578125 0.4 0.0703125 0.15
15 0.69453125 0.440625 0.103125 0.0953125
22 0.56328125 0.44453125 0.103125 0.0671875
8 0.45234375 0.45390625 0.13125 0.05