9 0.4265625 0.47109375 0.1328125 0.0421875
28 0.66171875 0.61015625 0.1390625 0.103125
8 0.50859375 0.60859375 0.115625 0.0609375
13 0.40390625 0.809375 0.0703125 0.1546875
13 0.471875 0.82421875 0.071875 0.171875
14 0.64296875 0.8703125 0.0984375 0.121875
7 0.55546875 0.878125 0.125 0.13125
23 0.41015625 0.90078125 0.0796875 0.0703125
11 0.43984375 0.22109375 0.1046875 0.0390625
20 0.46875 0.4140625 0.0828125 0.140625
18 0.68203125 0.43125 0.13125 0.1484375
19 0.59921875 0.45390625 0.1015625 0.096875