20 0.66484375 0.5671875 0.071875 0.134375
5 0.3859375 0.57890625 0.0796875 0.1078125
9 0.57109375 0.61875 0.171875 0.0640625
17 0.45859375 0.62578125 0.084375 0.0421875
13 0.59140625 0.81875 0.06875 0.1546875
10 0.378125 0.83984375 0.0359375 0.096875
0 0.57890625 0.921875 0.11875 0.09375
16 0.40078125 0.921875 0.1140625 0.121875
5 0.39140625 0.1734375 0.1140625 0.140625
22 0.6578125 0.21484375 0.1375 0.0703125
20 0.6703125 0.4234375 0.078125 0.125
1 0.43828125 0.44453125 0.1296875 0.0640625
19 0.57734375 0.4484375 0.09375 0.08125