23 0.58125 0.47421875 0.0984375 0.05
5 0.4375 0.5609375 0.1046875 0.140625
28 0.66171875 0.61015625 0.1390625 0.096875
14 0.40078125 0.603125 0.0953125 0.1046875
26 0.5296875 0.6140625 0.15 0.0828125
1 0.66796875 0.884375 0.1171875 0.128125
9 0.42421875 0.903125 0.128125 0.096875
3 0.565625 0.91640625 0.0625 0.0765625
19 0.4203125 0.2 0.1078125 0.090625
27 0.57265625 0.215625 0.06875 0.0515625
17 0.6984375 0.23515625 0.0796875 0.0328125
6 0.6140625 0.4453125 0.0640625 0.0375
22 0.5421875 0.44453125 0.10625 0.0796875
25 0.4234375 0.43984375 0.10625 0.096875
11 0.65859375 0.46328125 0.13125 0.0453125