15 0.4109375 0.584375 0.09375 0.0984375
28 0.66484375 0.61171875 0.1375 0.1
23 0.525 0.62734375 0.0828125 0.05625
21 0.57578125 0.878125 0.096875 0.1171875
16 0.66015625 0.88515625 0.1078125 0.1078125
11 0.48984375 0.88125 0.1 0.090625
26 0.40234375 0.8828125 0.1265625 0.125
20 0.7078125 0.18359375 0.0921875 0.1484375
19 0.61328125 0.20703125 0.1125 0.0921875
27 0.43984375 0.20859375 0.075 0.0484375
7 0.46796875 0.44296875 0.1671875 0.1015625
22 0.55625 0.45625 0.11875 0.071875
6 0.640625 0.4609375 0.065625 0.0609375
3 0.69375 0.46484375 0.053125 0.06875