19 0.421875 0.5765625 0.0828125 0.0859375
28 0.6703125 0.5984375 0.1296875 0.096875
26 0.53203125 0.61171875 0.15625 0.0828125
1 0.69375 0.8734375 0.1140625 0.1328125
9 0.43984375 0.90390625 0.125 0.08125
3 0.59765625 0.915625 0.059375 0.0796875
27 0.5515625 0.21171875 0.0578125 0.0515625
16 0.4296875 0.215625 0.1296875 0.059375
6 0.6359375 0.21796875 0.0734375 0.046875
11 0.696875 0.21875 0.0828125 0.0390625
25 0.4296875 0.4203125 0.11875 0.059375
10 0.6640625 0.428125 0.0453125 0.121875
22 0.54140625 0.44609375 0.0875 0.0765625
21 0.43671875 0.46015625 0.1859375 0.0703125