7 0.59609375 0.55 0.1703125 0.0859375
14 0.3765625 0.58828125 0.0984375 0.084375
9 0.4765625 0.59921875 0.1171875 0.0921875
18 0.5875 0.596875 0.165625 0.0890625
23 0.4703125 0.87265625 0.090625 0.065625
15 0.3625 0.87421875 0.0765625 0.096875
8 0.61875 0.87421875 0.1296875 0.10625
10 0.45078125 0.19140625 0.0375 0.10625
19 0.35546875 0.20390625 0.10625 0.08125
22 0.5234375 0.21015625 0.1109375 0.0734375
1 0.6109375 0.21015625 0.1015625 0.0546875
28 0.38125 0.41796875 0.140625 0.0859375
25 0.62421875 0.44453125 0.1359375 0.0921875
17 0.48984375 0.459375 0.0828125 0.034375