18 0.47109375 0.56015625 0.171875 0.1109375
3 0.6640625 0.5953125 0.053125 0.0671875
24 0.56875 0.6015625 0.0953125 0.065625
26 0.41328125 0.61875 0.0859375 0.059375
19 0.603125 0.8796875 0.096875 0.084375
21 0.696875 0.878125 0.1140625 0.128125
0 0.43984375 0.88515625 0.121875 0.096875
13 0.59140625 0.1671875 0.071875 0.15625
25 0.69609375 0.1953125 0.1296875 0.0921875
28 0.43359375 0.20078125 0.134375 0.0859375
20 0.4265625 0.4078125 0.0765625 0.121875
27 0.66484375 0.44375 0.0859375 0.059375
8 0.53828125 0.45546875 0.1640625 0.0609375