19 0.5875 0.5796875 0.078125 0.0671875
14 0.6828125 0.5859375 0.103125 0.0875
29 0.4671875 0.61171875 0.1734375 0.059375
25 0.428125 0.8640625 0.109375 0.1125
7 0.65625 0.86796875 0.165625 0.1046875
24 0.54765625 0.88359375 0.0875 0.0828125
2 0.528125 0.94453125 0.1578125 0.05
18 0.690625 0.1578125 0.115625 0.1578125
4 0.603125 0.2171875 0.075 0.0484375
8 0.4484375 0.21953125 0.1875 0.046875
20 0.4328125 0.41484375 0.090625 0.1390625
10 0.51875 0.4203125 0.0453125 0.10625
15 0.665625 0.425 0.121875 0.0984375
21 0.55859375 0.44609375 0.1484375 0.0765625