26 0.58125 0.46875 0.075 0.0375
25 0.64375 0.57890625 0.1203125 0.0984375
1 0.53671875 0.6 0.14375 0.1
3 0.40703125 0.609375 0.05625 0.0671875
15 0.68984375 0.8625 0.0984375 0.1203125
21 0.5703125 0.8828125 0.0984375 0.1375
16 0.434375 0.89140625 0.1203125 0.11875
18 0.38515625 0.16484375 0.13125 0.175
27 0.49453125 0.215625 0.0625 0.046875
6 0.68515625 0.20859375 0.0734375 0.0484375
17 0.6015625 0.22421875 0.0921875 0.0296875
7 0.684375 0.40859375 0.1078125 0.14375
10 0.3890625 0.43984375 0.0453125 0.115625
19 0.54375 0.43984375 0.084375 0.0953125
22 0.46015625 0.45078125 0.10625 0.0671875
26 0.66015625 0.44921875 0.090625 0.071875