7 0.59765625 0.546875 0.1734375 0.0921875
14 0.3796875 0.5921875 0.1015625 0.0875
9 0.48046875 0.6 0.1203125 0.096875
18 0.590625 0.59375 0.16875 0.09375
23 0.48359375 0.8734375 0.0921875 0.06875
15 0.37578125 0.87890625 0.0796875 0.0984375
8 0.63203125 0.8703125 0.1328125 0.1109375
10 0.43984375 0.19296875 0.0421875 0.1078125
19 0.3453125 0.209375 0.109375 0.084375
22 0.51328125 0.21015625 0.1125 0.078125
1 0.60078125 0.20703125 0.103125 0.0578125
28 0.37890625 0.421875 0.14375 0.090625
25 0.621875 0.440625 0.1390625 0.096875
17 0.48828125 0.46015625 0.084375 0.0375