26 0.58359375 0.475 0.0859375 0.0375
5 0.453125 0.5375 0.09375 0.065625
25 0.55078125 0.56875 0.103125 0.065625
3 0.675 0.5859375 0.0515625 0.0359375
28 0.59296875 0.6078125 0.1671875 0.096875
14 0.44140625 0.60390625 0.1546875 0.0953125
6 0.7078125 0.63046875 0.0765625 0.0625
13 0.65546875 0.83046875 0.0671875 0.1484375
16 0.4203125 0.84609375 0.0921875 0.0890625
13 0.6890625 0.85703125 0.0765625 0.175
9 0.521875 0.85390625 0.09375 0.0609375
20 0.6 0.86953125 0.0765625 0.1390625
1 0.66640625 0.9234375 0.1328125 0.125
8 0.50078125 0.921875 0.1125 0.1390625
11 0.39140625 0.92734375 0.1015625 0.09375
18 0.40390625 0.15390625 0.121875 0.1828125
20 0.6921875 0.18125 0.0671875 0.1265625
15 0.621875 0.18203125 0.075 0.0484375
10 0.7296875 0.19375 0.046875 0.1125
21 0.61640625 0.20859375 0.1734375 0.075
22 0.49609375 0.2171875 0.0984375 0.05625
7 0.6953125 0.42109375 0.1078125 0.15
19 0.54765625 0.4359375 0.090625 0.075
0 0.43828125 0.43828125 0.1125 0.0625
27 0.446875 0.4515625 0.09375 0.0640625
26 0.6640625 0.46484375 0.0828125 0.0671875