7 0.5921875 0.55625 0.1734375 0.0921875
14 0.3703125 0.57890625 0.1015625 0.0875
9 0.46953125 0.596875 0.1203125 0.096875
18 0.58046875 0.603125 0.16875 0.09375
23 0.44453125 0.86953125 0.0921875 0.06875
15 0.33671875 0.8640625 0.0796875 0.0984375
8 0.59296875 0.88203125 0.1328125 0.1109375
10 0.47265625 0.1890625 0.0421875 0.1078125
19 0.3765625 0.19453125 0.109375 0.084375
22 0.54296875 0.2125 0.1125 0.078125
1 0.63046875 0.21875 0.103125 0.0578125
28 0.3875 0.409375 0.14375 0.090625
25 0.62734375 0.453125 0.1390625 0.096875
17 0.49296875 0.45859375 0.084375 0.0375