4 0.55234375 0.60078125 0.078125 0.0578125
29 0.68984375 0.59453125 0.1484375 0.078125
12 0.4390625 0.615625 0.1390625 0.0734375
8 0.58125 0.88984375 0.1765625 0.0859375
2 0.7046875 0.88671875 0.0890625 0.084375
10 0.69140625 0.18203125 0.0546875 0.103125
19 0.41015625 0.2125 0.1046875 0.071875
3 0.63515625 0.20625 0.05625 0.0578125
27 0.53046875 0.21640625 0.065625 0.0484375
15 0.45390625 0.43046875 0.0890625 0.10625
28 0.690625 0.42890625 0.1453125 0.0984375
24 0.56171875 0.4515625 0.09375 0.0578125