15 0.4109375 0.5875 0.0953125 0.096875
25 0.5109375 0.590625 0.1171875 0.0953125
27 0.625 0.59921875 0.09375 0.059375
1 0.4125 0.875 0.1109375 0.0859375
11 0.6859375 0.878125 0.1 0.078125
26 0.50859375 0.8890625 0.08125 0.09375
26 0.61171875 0.8953125 0.05625 0.0796875
28 0.66484375 0.1984375 0.1453125 0.08125
23 0.39375 0.225 0.084375 0.0359375
17 0.503125 0.2265625 0.0890625 0.028125
19 0.41171875 0.4375 0.0921875 0.0859375
6 0.61640625 0.45078125 0.071875 0.0609375
3 0.68828125 0.4515625 0.0546875 0.0671875
16 0.51328125 0.4625 0.1125 0.065625