0 0.434375 0.59453125 0.121875 0.0734375
24 0.52734375 0.61171875 0.1234375 0.0734375
2 0.66171875 0.61328125 0.084375 0.0515625
27 0.44453125 0.87421875 0.0921875 0.059375
19 0.57109375 0.87109375 0.0828125 0.0828125
29 0.6890625 0.8984375 0.1421875 0.1078125
20 0.67421875 0.16875 0.0796875 0.1375
22 0.48984375 0.2109375 0.14375 0.0671875
4 0.39296875 0.21796875 0.078125 0.0484375
18 0.4234375 0.41484375 0.1296875 0.15
10 0.5171875 0.41953125 0.046875 0.103125
15 0.66796875 0.4234375 0.121875 0.10625
21 0.55625 0.44453125 0.15 0.0796875