2 0.44296875 0.47734375 0.159375 0.0328125
21 0.6765625 0.590625 0.121875 0.0953125
14 0.5640625 0.59609375 0.09375 0.0765625
27 0.45 0.60546875 0.0890625 0.059375
7 0.6859375 0.8515625 0.1015625 0.1484375
19 0.5359375 0.85859375 0.1046875 0.09375
24 0.44375 0.87109375 0.0859375 0.0859375
5 0.68984375 0.1875 0.1078125 0.1046875
17 0.5890625 0.228125 0.1171875 0.028125
10 0.6609375 0.415625 0.0421875 0.1
16 0.46953125 0.43828125 0.1234375 0.0671875
3 0.55234375 0.44765625 0.053125 0.075
18 0.63203125 0.44921875 0.2 0.0671875