28 0.6484375 0.5875 0.140625 0.090625
25 0.4234375 0.5890625 0.109375 0.0875
16 0.528125 0.6 0.1109375 0.0890625
13 0.565625 0.8265625 0.0609375 0.1640625
13 0.5046875 0.828125 0.0671875 0.159375
5 0.425 0.8625 0.08125 0.15
0 0.659375 0.8640625 0.1140625 0.1046875
20 0.3984375 0.175 0.0671875 0.1296875
27 0.6453125 0.2078125 0.059375 0.040625
26 0.503125 0.2203125 0.15 0.053125
21 0.61875 0.44375 0.0390625 0.0453125
21 0.6921875 0.446875 0.0765625 0.0796875
19 0.4234375 0.4515625 0.0890625 0.0796875
7 0.546875 0.4609375 0.1734375 0.0640625