28 0.5375 0.6 0.1859375 0.090625
4 0.40859375 0.6 0.0765625 0.0609375
29 0.67890625 0.6125 0.1453125 0.0765625
12 0.61484375 0.88046875 0.1453125 0.1046875
8 0.41796875 0.87734375 0.1203125 0.1
2 0.50390625 0.8875 0.0703125 0.078125
7 0.4078125 0.1859375 0.0921875 0.1140625
15 0.66953125 0.20390625 0.1328125 0.0921875
27 0.55546875 0.21875 0.0625 0.0453125
10 0.6078125 0.42109375 0.04375 0.103125
19 0.528125 0.44921875 0.1140625 0.0703125
3 0.434375 0.45234375 0.0546875 0.0671875
24 0.6875 0.465625 0.0984375 0.05625