7 0.59765625 0.55 0.175 0.0875
14 0.40625 0.5859375 0.1453125 0.090625
18 0.584375 0.596875 0.1578125 0.0921875
15 0.3515625 0.86796875 0.0859375 0.1
23 0.4578125 0.87578125 0.0953125 0.0703125
8 0.6125 0.88046875 0.1328125 0.103125
10 0.46171875 0.19140625 0.0453125 0.1015625
19 0.36171875 0.19921875 0.109375 0.071875
22 0.53125 0.21015625 0.109375 0.078125
1 0.625 0.21640625 0.0796875 0.0546875
28 0.378125 0.41171875 0.1421875 0.084375
25 0.62421875 0.44609375 0.128125 0.0953125
17 0.48828125 0.4578125 0.0875 0.040625