28 0.6453125 0.59140625 0.14375 0.0984375
25 0.421875 0.5890625 0.1109375 0.09375
16 0.51875 0.5984375 0.1140625 0.075
13 0.55546875 0.82578125 0.0734375 0.165625
5 0.41875 0.8609375 0.0984375 0.146875
0 0.65 0.86953125 0.1125 0.096875
13 0.659375 0.16328125 0.0625 0.1421875
20 0.40234375 0.1734375 0.0703125 0.1296875
1 0.665625 0.21875 0.140625 0.0609375
26 0.50625 0.21875 0.1484375 0.05625
21 0.69296875 0.4515625 0.0765625 0.078125
21 0.62421875 0.45234375 0.053125 0.0484375
27 0.41171875 0.45 0.059375 0.0640625
9 0.54140625 0.46484375 0.1640625 0.040625