17 0.52734375 0.47265625 0.1015625 0.0359375
15 0.4125 0.5859375 0.0921875 0.096875
28 0.66484375 0.61171875 0.1328125 0.0953125
23 0.5265625 0.62421875 0.08125 0.0546875
26 0.40546875 0.8796875 0.1203125 0.125
11 0.49765625 0.884375 0.1078125 0.0828125
20 0.7125 0.18203125 0.084375 0.14375
19 0.60703125 0.20546875 0.1015625 0.0875
1 0.43828125 0.21328125 0.1453125 0.065625
10 0.64140625 0.440625 0.046875 0.1140625
25 0.43203125 0.43671875 0.11875 0.090625
6 0.6390625 0.4578125 0.0671875 0.05
3 0.6953125 0.46640625 0.0578125 0.0703125