1 0.453125 0.5890625 0.103125 0.0921875
28 0.6625 0.6015625 0.1328125 0.0953125
22 0.5390625 0.6078125 0.0984375 0.084375
3 0.390625 0.6171875 0.05625 0.06875
16 0.446875 0.859375 0.153125 0.05625
15 0.6625 0.8609375 0.084375 0.1328125
19 0.4140625 0.921875 0.1171875 0.11875
9 0.5625 0.9515625 0.1421875 0.0875
27 0.525 0.2078125 0.053125 0.053125
6 0.6328125 0.2140625 0.06875 0.05
11 0.69375 0.221875 0.0875 0.0359375
17 0.4078125 0.228125 0.090625 0.034375
10 0.6609375 0.4140625 0.04375 0.078125
20 0.5328125 0.41875 0.075 0.125
18 0.4453125 0.4453125 0.1640625 0.090625
7 0.6796875 0.4453125 0.1296875 0.0859375
21 0.5703125 0.4640625 0.06875 0.0578125