20 0.51953125 0.57109375 0.0734375 0.13125
25 0.4109375 0.596875 0.11875 0.0984375
1 0.61640625 0.61484375 0.128125 0.075
15 0.60546875 0.87421875 0.096875 0.128125
14 0.50859375 0.87109375 0.0796875 0.1078125
0 0.68203125 0.8859375 0.0796875 0.1140625
11 0.39453125 0.8765625 0.096875 0.08125
18 0.66015625 0.21171875 0.1703125 0.084375
7 0.53203125 0.21171875 0.134375 0.06875
3 0.43203125 0.21328125 0.053125 0.0515625
22 0.425 0.44765625 0.1015625 0.0578125
16 0.6015625 0.45546875 0.178125 0.0734375