12 0.659375 0.47421875 0.153125 0.059375
20 0.65390625 0.578125 0.0765625 0.1453125
5 0.38046875 0.5765625 0.0953125 0.1265625
15 0.46171875 0.5984375 0.10625 0.103125
1 0.57734375 0.61015625 0.1359375 0.0859375
3 0.6578125 0.62578125 0.0546875 0.06875
10 0.37265625 0.8359375 0.040625 0.1
23 0.5171875 0.8890625 0.0953125 0.08125
11 0.6328125 0.915625 0.1046875 0.0921875
9 0.40078125 0.93125 0.159375 0.1015625
17 0.575 0.9640625 0.121875 0.06875
13 0.53046875 0.16171875 0.08125 0.184375
20 0.4328125 0.17734375 0.0875 0.13125
16 0.64140625 0.22421875 0.121875 0.065625
21 0.53671875 0.453125 0.1 0.0828125
6 0.40546875 0.4515625 0.065625 0.05625