2 0.42890625 0.47421875 0.0796875 0.0359375
16 0.4953125 0.58125 0.103125 0.078125
21 0.6765625 0.5875 0.1203125 0.096875
14 0.5609375 0.59765625 0.10625 0.0796875
27 0.45078125 0.60625 0.084375 0.065625
19 0.534375 0.84921875 0.1 0.0953125
7 0.65625 0.86484375 0.171875 0.109375
24 0.44296875 0.87578125 0.090625 0.0890625
5 0.684375 0.1859375 0.0734375 0.1140625
17 0.6078125 0.22421875 0.09375 0.0296875
10 0.659375 0.41484375 0.040625 0.103125
3 0.5484375 0.44375 0.0515625 0.0671875
18 0.63125 0.4484375 0.1875 0.0734375