5 0.43671875 0.55859375 0.10625 0.134375
19 0.4078125 0.6015625 0.1 0.09375
28 0.67265625 0.6015625 0.1296875 0.0984375
26 0.53671875 0.609375 0.153125 0.0765625
1 0.69921875 0.86796875 0.1203125 0.128125
9 0.45 0.90703125 0.1390625 0.0890625
3 0.6 0.9109375 0.0578125 0.0734375
10 0.590625 0.184375 0.053125 0.1171875
25 0.41328125 0.2015625 0.13125 0.0984375
27 0.54765625 0.209375 0.071875 0.05625
23 0.6578125 0.21953125 0.0890625 0.028125
22 0.53203125 0.44296875 0.1046875 0.075
12 0.4140625 0.4640625 0.1328125 0.0625
21 0.6390625 0.4578125 0.175 0.078125