15 0.63515625 0.5796875 0.109375 0.0859375
12 0.4109375 0.5984375 0.103125 0.046875
17 0.5453125 0.6296875 0.1125 0.0578125
22 0.41796875 0.87890625 0.10625 0.0984375
28 0.64453125 0.88984375 0.1328125 0.1171875
27 0.53046875 0.8859375 0.071875 0.0890625
25 0.66328125 0.20234375 0.1015625 0.0765625
18 0.57578125 0.20546875 0.1984375 0.0875
3 0.71640625 0.21796875 0.059375 0.0640625
23 0.41953125 0.2171875 0.1078125 0.04375
19 0.50078125 0.4375 0.096875 0.078125
14 0.40390625 0.4421875 0.0828125 0.0875
7 0.653125 0.46796875 0.1890625 0.06875