12 0.68046875 0.46875 0.1421875 0.05625
15 0.4109375 0.5828125 0.1046875 0.1078125
18 0.5203125 0.60625 0.20625 0.1
6 0.65546875 0.6171875 0.0671875 0.0609375
14 0.5390625 0.85703125 0.1171875 0.0984375
5 0.5453125 0.87578125 0.090625 0.1484375
3 0.63203125 0.89921875 0.0515625 0.0734375
7 0.40703125 0.915625 0.1328125 0.1265625
20 0.41953125 0.1765625 0.0734375 0.128125
19 0.68125 0.2109375 0.096875 0.06875
1 0.559375 0.21640625 0.125 0.0578125
22 0.54140625 0.44296875 0.1109375 0.0765625
8 0.43359375 0.46171875 0.1296875 0.0609375