26 0.57734375 0.475 0.0703125 0.0375
5 0.46328125 0.55078125 0.1 0.1140625
25 0.5609375 0.57578125 0.1171875 0.0921875
3 0.6765625 0.5875 0.0546875 0.0609375
28 0.459375 0.60546875 0.184375 0.0953125
23 0.62734375 0.61171875 0.0953125 0.0484375
13 0.67734375 0.821875 0.071875 0.1484375
20 0.60625 0.8453125 0.0828125 0.1484375
13 0.7109375 0.84921875 0.0671875 0.1703125
21 0.41015625 0.89375 0.1171875 0.1265625
16 0.52109375 0.91875 0.1078125 0.1125
1 0.67734375 0.915625 0.11875 0.1203125
18 0.3921875 0.1578125 0.1296875 0.1890625
20 0.51640625 0.178125 0.0859375 0.1390625
15 0.60859375 0.1953125 0.08125 0.0890625
6 0.69375 0.2140625 0.06875 0.0453125
7 0.6859375 0.41875 0.1125 0.1375
19 0.540625 0.43203125 0.0796875 0.0796875
10 0.39140625 0.4375 0.0421875 0.11875
22 0.45859375 0.45078125 0.1015625 0.075
26 0.65859375 0.459375 0.0890625 0.0703125