2 0.5484375 0.4734375 0.0859375 0.0296875
5 0.4515625 0.571875 0.0796875 0.115625
29 0.5546875 0.60625 0.10625 0.0515625
27 0.678125 0.60625 0.0984375 0.05
20 0.6875 0.8546875 0.0765625 0.13125
7 0.6078125 0.8640625 0.096875 0.1140625
26 0.5078125 0.86875 0.0953125 0.0859375
19 0.421875 0.8734375 0.084375 0.09375
14 0.4734375 0.20625 0.1078125 0.0671875
16 0.690625 0.2140625 0.0953125 0.053125
22 0.5578125 0.2140625 0.0859375 0.053125
13 0.625 0.396875 0.053125 0.15
3 0.6765625 0.44375 0.0453125 0.059375
4 0.44375 0.453125 0.06875 0.05