25 0.58125 0.578125 0.1109375 0.0921875
9 0.3796875 0.57421875 0.046875 0.14375
20 0.690625 0.5875 0.078125 0.14375
1 0.4578125 0.58828125 0.121875 0.0765625
14 0.6109375 0.5921875 0.13125 0.0875
13 0.66796875 0.8203125 0.0578125 0.1546875
13 0.60703125 0.821875 0.0703125 0.165625
7 0.425 0.859375 0.1390625 0.1234375
17 0.5359375 0.87421875 0.0765625 0.0625
0 0.65546875 0.890625 0.13125 0.0921875
18 0.42421875 0.18125 0.1640625 0.1234375
15 0.69765625 0.196875 0.0859375 0.096875
22 0.60625 0.2109375 0.1078125 0.065625
26 0.484375 0.2203125 0.1453125 0.05625
28 0.44140625 0.44765625 0.18125 0.0828125
27 0.64609375 0.45703125 0.1 0.059375