12 0.4140625 0.4640625 0.1421875 0.05625
28 0.66328125 0.61171875 0.1359375 0.1046875
8 0.4078125 0.6109375 0.134375 0.0703125
9 0.5359375 0.62421875 0.1359375 0.0546875
20 0.5875 0.8609375 0.0796875 0.140625
18 0.653125 0.88984375 0.134375 0.2078125
19 0.46875 0.88203125 0.0953125 0.10625
23 0.38046875 0.89453125 0.0796875 0.0734375
7 0.60078125 0.215625 0.153125 0.0671875
1 0.46640625 0.21328125 0.1109375 0.065625
11 0.6984375 0.23359375 0.078125 0.0421875
10 0.4046875 0.40703125 0.0453125 0.078125