23 0.58046875 0.4734375 0.0984375 0.0484375
5 0.43828125 0.56171875 0.103125 0.1390625
28 0.66328125 0.60703125 0.1375 0.0953125
14 0.40234375 0.6046875 0.09375 0.103125
26 0.53203125 0.6140625 0.15 0.0796875
1 0.67421875 0.88125 0.115625 0.125
9 0.43125 0.90390625 0.1265625 0.0953125
3 0.5734375 0.915625 0.0625 0.075
19 0.41484375 0.2015625 0.10625 0.0890625
27 0.56796875 0.21484375 0.0671875 0.05
17 0.69375 0.23125 0.0796875 0.03125
6 0.61328125 0.44296875 0.0640625 0.0359375
22 0.54140625 0.44375 0.10625 0.078125
25 0.42265625 0.440625 0.1046875 0.0953125
11 0.6578125 0.46015625 0.13125 0.04375