20 0.65390625 0.575 0.0796875 0.1359375
5 0.38828125 0.57734375 0.0875 0.1234375
14 0.4671875 0.5859375 0.0984375 0.0984375
22 0.56484375 0.61171875 0.10625 0.0828125
3 0.659375 0.62578125 0.0546875 0.06875
25 0.6046875 0.8359375 0.10625 0.103125
1 0.51796875 0.878125 0.1203125 0.103125
12 0.396875 0.88125 0.125 0.103125
26 0.64765625 0.90859375 0.1421875 0.11875
13 0.53046875 0.15859375 0.08125 0.1796875
20 0.4328125 0.17578125 0.0859375 0.1296875
15 0.63125 0.1984375 0.1234375 0.1078125
21 0.5125 0.44765625 0.1453125 0.0828125
16 0.65859375 0.46171875 0.1078125 0.075
6 0.40546875 0.453125 0.065625 0.05625