12 0.68828125 0.4703125 0.128125 0.0515625
15 0.409375 0.58125 0.1015625 0.1078125
18 0.515625 0.596875 0.18125 0.090625
7 0.678125 0.6015625 0.1546875 0.1046875
14 0.5375 0.85234375 0.115625 0.0921875
0 0.65 0.86640625 0.1109375 0.096875
16 0.42734375 0.884375 0.1046875 0.1171875
21 0.57578125 0.9203125 0.0765625 0.090625
21 0.69296875 0.921875 0.08125 0.0875
11 0.4234375 0.21875 0.0890625 0.0390625
23 0.5546875 0.22265625 0.0921875 0.040625
19 0.40859375 0.4515625 0.0921875 0.078125
26 0.54140625 0.46015625 0.175 0.0578125