12 0.65546875 0.45703125 0.153125 0.059375
20 0.6609375 0.56171875 0.0765625 0.1453125
5 0.3890625 0.5890625 0.0953125 0.1265625
15 0.47265625 0.6015625 0.10625 0.103125
1 0.58828125 0.6015625 0.1359375 0.0859375
3 0.6703125 0.60859375 0.0546875 0.06875
10 0.40859375 0.84765625 0.040625 0.1
23 0.5578125 0.88515625 0.0953125 0.08125
11 0.67578125 0.89921875 0.1046875 0.0921875
9 0.44609375 0.9390625 0.159375 0.1015625
17 0.62265625 0.95703125 0.1203125 0.0734375
13 0.49453125 0.1609375 0.08125 0.184375
20 0.39921875 0.1859375 0.0875 0.13125
16 0.61171875 0.2109375 0.121875 0.065625
21 0.53203125 0.45 0.1 0.0828125
6 0.40078125 0.46171875 0.065625 0.05625