7 0.5921875 0.553125 0.159375 0.078125
14 0.375 0.590625 0.1015625 0.09375
18 0.5859375 0.590625 0.1515625 0.0890625
9 0.471875 0.6015625 0.0984375 0.0828125
15 0.3578125 0.86875 0.084375 0.0984375
23 0.46875 0.8703125 0.0890625 0.0625
8 0.6140625 0.8765625 0.1421875 0.09375
10 0.459375 0.19375 0.0390625 0.103125
19 0.359375 0.2046875 0.0984375 0.0765625
22 0.5296875 0.2109375 0.1078125 0.071875
1 0.615625 0.2140625 0.090625 0.0609375
28 0.38125 0.41875 0.1453125 0.08125
25 0.6296875 0.45 0.125 0.090625
17 0.490625 0.45625 0.0921875 0.0390625