28 0.6671875 0.6 0.1390625 0.09375
22 0.540625 0.60390625 0.1078125 0.09375
23 0.41484375 0.621875 0.08125 0.0421875
18 0.6953125 0.846875 0.1078125 0.2234375
14 0.6125 0.8625 0.1015625 0.0953125
9 0.44609375 0.90859375 0.1203125 0.0796875
27 0.54765625 0.20859375 0.05625 0.05
6 0.6359375 0.21171875 0.06875 0.0453125
11 0.696875 0.2203125 0.084375 0.04375
10 0.6578125 0.40625 0.0421875 0.071875
25 0.428125 0.428125 0.125 0.0734375
7 0.68359375 0.4421875 0.1265625 0.0921875
26 0.57578125 0.4546875 0.1265625 0.0609375
21 0.42890625 0.4609375 0.1703125 0.084375