26 0.6609375 0.46015625 0.175 0.0609375
1 0.45625 0.59375 0.109375 0.1078125
28 0.6703125 0.5953125 0.1375 0.096875
22 0.54296875 0.6046875 0.10625 0.0921875
15 0.675 0.8546875 0.0984375 0.096875
16 0.503125 0.86875 0.1015625 0.0765625
3 0.57265625 0.87578125 0.05625 0.05625
25 0.4234375 0.903125 0.1109375 0.1265625
8 0.59921875 0.9328125 0.165625 0.071875
18 0.4 0.1890625 0.175 0.115625
6 0.61484375 0.21171875 0.071875 0.053125
11 0.68515625 0.21484375 0.0859375 0.0390625
17 0.5359375 0.225 0.0828125 0.0375
20 0.53125 0.41171875 0.0875 0.13125
10 0.4015625 0.4203125 0.04375 0.090625
27 0.425 0.45703125 0.08125 0.0609375