20 0.66328125 0.5671875 0.071875 0.1328125
5 0.39375 0.5796875 0.0859375 0.10625
17 0.56484375 0.61484375 0.084375 0.0484375
13 0.58828125 0.8109375 0.065625 0.15
10 0.378125 0.83984375 0.0359375 0.1
12 0.55703125 0.90234375 0.175 0.08125
16 0.40390625 0.9171875 0.1109375 0.1125
5 0.39296875 0.171875 0.1015625 0.15
25 0.50078125 0.203125 0.128125 0.08125
22 0.6578125 0.21484375 0.13125 0.0703125
19 0.42109375 0.44375 0.0953125 0.075
11 0.62734375 0.45546875 0.128125 0.040625
26 0.52578125 0.46015625 0.1328125 0.0640625