26 0.396875 0.46328125 0.121875 0.065625
15 0.5015625 0.5859375 0.0890625 0.1
25 0.646875 0.59765625 0.11875 0.103125
11 0.62890625 0.8765625 0.0375 0.040625
0 0.55546875 0.88359375 0.0734375 0.10625
22 0.42265625 0.88046875 0.125 0.084375
11 0.68671875 0.89140625 0.0609375 0.078125
0 0.6484375 0.91328125 0.0625 0.065625
28 0.68515625 0.2078125 0.1453125 0.0875
23 0.409375 0.2203125 0.090625 0.0421875
17 0.5140625 0.2296875 0.0953125 0.0359375
19 0.41953125 0.4328125 0.0828125 0.075
27 0.509375 0.45 0.071875 0.0578125
6 0.6234375 0.45546875 0.071875 0.059375
3 0.69375 0.46171875 0.053125 0.065625