0 0.43125 0.59375 0.1171875 0.06875
24 0.521875 0.6125 0.121875 0.065625
2 0.6578125 0.6203125 0.084375 0.0484375
27 0.4328125 0.8609375 0.090625 0.0609375
19 0.5625 0.865625 0.084375 0.0828125
29 0.675 0.90625 0.1375 0.10625
20 0.6859375 0.1734375 0.0796875 0.134375
22 0.4203125 0.2078125 0.1140625 0.0671875
4 0.559375 0.2171875 0.1078125 0.0484375
18 0.428125 0.4125 0.13125 0.1390625
15 0.665625 0.43125 0.1265625 0.1015625
10 0.5109375 0.43125 0.04375 0.1125
21 0.5703125 0.446875 0.09375 0.08125