5 0.44140625 0.55859375 0.1078125 0.1109375
28 0.6703125 0.596875 0.1328125 0.096875
14 0.41484375 0.60625 0.1125 0.0953125
26 0.53515625 0.60859375 0.1515625 0.08125
1 0.69765625 0.86953125 0.1125 0.125
9 0.4515625 0.90625 0.125 0.0890625
3 0.6 0.9125 0.05625 0.0765625
19 0.39453125 0.203125 0.096875 0.08125
27 0.54765625 0.209375 0.06875 0.0546875
17 0.6765625 0.2234375 0.0796875 0.034375
5 0.42109375 0.43671875 0.103125 0.1140625
10 0.67421875 0.428125 0.059375 0.11875
6 0.60859375 0.43359375 0.0671875 0.0296875
22 0.53046875 0.44140625 0.10625 0.0828125
11 0.653125 0.45078125 0.140625 0.05