9 0.3875 0.58515625 0.053125 0.15
1 0.4390625 0.58984375 0.0953125 0.0734375
14 0.6875 0.5890625 0.0953125 0.0953125
18 0.5546875 0.596875 0.196875 0.125
13 0.625 0.81796875 0.065625 0.1578125
13 0.6828125 0.8171875 0.0640625 0.1609375
7 0.4453125 0.86796875 0.1546875 0.115625
17 0.55703125 0.875 0.0671875 0.0609375
0 0.67421875 0.88515625 0.1328125 0.096875
15 0.68125 0.1890625 0.0875 0.096875
26 0.58671875 0.2171875 0.121875 0.05
23 0.3921875 0.22578125 0.084375 0.04375
28 0.440625 0.45234375 0.1921875 0.084375
27 0.6203125 0.45234375 0.071875 0.05625