5 0.525 0.571875 0.0875 0.1375
23 0.6203125 0.5921875 0.1 0.0578125
25 0.4140625 0.5984375 0.115625 0.096875
0 0.684375 0.853125 0.059375 0.071875
15 0.6015625 0.859375 0.0953125 0.1234375
1 0.5109375 0.8796875 0.1296875 0.1078125
11 0.4109375 0.8796875 0.1015625 0.0796875
18 0.65 0.2046875 0.1703125 0.0828125
22 0.4265625 0.2046875 0.140625 0.0859375
7 0.528125 0.2171875 0.1078125 0.05625
16 0.6375 0.446875 0.0875 0.065625
27 0.5828125 0.45625 0.1109375 0.0703125
8 0.43125 0.4640625 0.125 0.0546875