28 0.66015625 0.61171875 0.1421875 0.0984375
22 0.53359375 0.60625 0.1109375 0.096875
23 0.40625 0.615625 0.0828125 0.0453125
18 0.6703125 0.859375 0.115625 0.2265625
14 0.58671875 0.86875 0.1046875 0.0984375
9 0.41796875 0.90390625 0.1234375 0.084375
27 0.56796875 0.2125 0.0578125 0.0515625
6 0.65546875 0.221875 0.0703125 0.046875
11 0.715625 0.234375 0.0859375 0.046875
10 0.6640625 0.41796875 0.04375 0.0734375
25 0.43359375 0.42265625 0.1265625 0.078125
7 0.68671875 0.4546875 0.1296875 0.096875
26 0.57890625 0.46015625 0.128125 0.065625
21 0.43203125 0.45546875 0.1734375 0.090625