2 0.5484375 0.4734375 0.109375 0.0296875
19 0.6953125 0.5953125 0.0859375 0.0796875
27 0.4515625 0.603125 0.0953125 0.0546875
29 0.5984375 0.609375 0.10625 0.0515625
20 0.7015625 0.828125 0.0625 0.1375
5 0.4125 0.8453125 0.0625 0.1171875
7 0.515625 0.865625 0.1375 0.090625
26 0.6375 0.8765625 0.08125 0.1
14 0.4734375 0.20625 0.1078125 0.0671875
16 0.690625 0.2140625 0.0953125 0.053125
22 0.5578125 0.2140625 0.0859375 0.053125
13 0.4734375 0.396875 0.053125 0.15
25 0.66875 0.434375 0.103125 0.078125
3 0.5921875 0.44375 0.0453125 0.059375
4 0.44375 0.453125 0.06875 0.05