5 0.4859375 0.5609375 0.090625 0.1125
23 0.4078125 0.615625 0.0859375 0.05625
26 0.678125 0.6203125 0.1203125 0.071875
17 0.55 0.621875 0.0921875 0.046875
11 0.4078125 0.8796875 0.096875 0.0796875
12 0.665625 0.884375 0.1328125 0.0953125
1 0.553125 0.9046875 0.1375 0.0859375
5 0.703125 0.190625 0.0796875 0.1
7 0.440625 0.2203125 0.175 0.0515625
13 0.5640625 0.3921875 0.0671875 0.146875
18 0.4546875 0.4421875 0.16875 0.0859375
22 0.54375 0.4609375 0.1265625 0.065625
8 0.665625 0.4609375 0.128125 0.0578125