23 0.5765625 0.4734375 0.1 0.0421875
5 0.4390625 0.559375 0.1109375 0.109375
28 0.671875 0.6046875 0.1296875 0.090625
14 0.4140625 0.6078125 0.115625 0.0984375
26 0.534375 0.6125 0.1484375 0.0703125
1 0.6875 0.8796875 0.1109375 0.121875
9 0.440625 0.9078125 0.1203125 0.0875
3 0.5875 0.915625 0.0578125 0.0796875
19 0.40625 0.2 0.0890625 0.0859375
27 0.559375 0.2109375 0.065625 0.05
17 0.684375 0.2296875 0.0828125 0.021875
6 0.6125 0.440625 0.06875 0.0328125
22 0.5359375 0.4421875 0.0984375 0.0734375
11 0.6515625 0.45625 0.1328125 0.0515625
12 0.421875 0.4609375 0.1265625 0.053125