15 0.4109375 0.5859375 0.09375 0.0953125
25 0.5140625 0.590625 0.109375 0.0953125
27 0.6296875 0.6015625 0.0921875 0.0578125
11 0.68125 0.88125 0.0953125 0.078125
22 0.4296875 0.8859375 0.1109375 0.08125
26 0.5109375 0.8875 0.0671875 0.0921875
26 0.6078125 0.896875 0.05625 0.078125
28 0.675 0.203125 0.146875 0.08125
23 0.4015625 0.225 0.084375 0.0359375
17 0.5078125 0.2296875 0.0859375 0.0328125
19 0.4125 0.4421875 0.1 0.0890625
6 0.621875 0.453125 0.065625 0.0546875
3 0.6921875 0.4546875 0.05 0.0640625
16 0.525 0.459375 0.1109375 0.0671875