27 0.5296875 0.59453125 0.084375 0.0671875
24 0.66875 0.6015625 0.1 0.0671875
26 0.41015625 0.6171875 0.090625 0.05625
19 0.5421875 0.86640625 0.0890625 0.08125
21 0.6953125 0.875 0.109375 0.125
0 0.43984375 0.88359375 0.1171875 0.09375
13 0.5890625 0.1625 0.0734375 0.159375
25 0.69921875 0.19453125 0.1328125 0.09375
3 0.4734375 0.21953125 0.05 0.05
23 0.4078125 0.221875 0.084375 0.0421875
20 0.425 0.4140625 0.0828125 0.1375
18 0.5578125 0.42109375 0.190625 0.0953125
8 0.66171875 0.4578125 0.1953125 0.0515625