1 0.45 0.5921875 0.1203125 0.1
28 0.665625 0.6015625 0.1375 0.0953125
22 0.5375 0.60625 0.0984375 0.0875
16 0.4890625 0.8625 0.0953125 0.065625
25 0.4078125 0.8984375 0.1140625 0.10625
18 0.415625 0.1828125 0.171875 0.1203125
6 0.6265625 0.215625 0.0703125 0.0546875
11 0.6953125 0.221875 0.0921875 0.040625
17 0.546875 0.2265625 0.0875 0.0296875
10 0.4015625 0.41875 0.040625 0.1015625
19 0.553125 0.4421875 0.0921875 0.0796875
0 0.64375 0.453125 0.0984375 0.075
27 0.4375 0.4546875 0.0828125 0.0546875