26 0.3953125 0.4671875 0.1203125 0.0609375
15 0.5046875 0.5859375 0.0859375 0.096875
25 0.65 0.5921875 0.115625 0.0984375
11 0.6421875 0.871875 0.0359375 0.0390625
0 0.56875 0.88125 0.0703125 0.103125
22 0.4359375 0.8828125 0.121875 0.0796875
11 0.7 0.884375 0.0578125 0.0765625
0 0.6625 0.9078125 0.0609375 0.0640625
28 0.675 0.2015625 0.1421875 0.0828125
23 0.4 0.2234375 0.0890625 0.0390625
17 0.5046875 0.2296875 0.09375 0.0328125
19 0.4171875 0.4359375 0.0796875 0.071875
27 0.5078125 0.45 0.0703125 0.0546875
6 0.621875 0.4515625 0.0703125 0.05625
3 0.6921875 0.4546875 0.0515625 0.0640625