1 0.4484375 0.584375 0.096875 0.0875
28 0.665625 0.6046875 0.1328125 0.090625
22 0.5390625 0.6046875 0.1046875 0.0859375
3 0.390625 0.6203125 0.05 0.065625
16 0.5953125 0.8640625 0.09375 0.09375
15 0.6765625 0.8671875 0.090625 0.1265625
19 0.5046875 0.8703125 0.09375 0.1
12 0.4125 0.896875 0.1 0.1
27 0.5484375 0.2109375 0.053125 0.0484375
6 0.6390625 0.21875 0.0734375 0.0515625
11 0.69375 0.221875 0.0875 0.034375
10 0.6609375 0.4046875 0.0375 0.0640625
25 0.4203125 0.4453125 0.1328125 0.0921875
7 0.6828125 0.4484375 0.125 0.0875
26 0.575 0.459375 0.1296875 0.0578125