26 0.57734375 0.4703125 0.0734375 0.0359375
5 0.45703125 0.55859375 0.08125 0.1125
25 0.55703125 0.56640625 0.115625 0.0703125
3 0.6796875 0.5875 0.0515625 0.0625
28 0.6015625 0.6 0.1796875 0.1
14 0.4421875 0.60859375 0.1390625 0.0890625
13 0.67890625 0.8265625 0.065625 0.1671875
16 0.4359375 0.853125 0.1046875 0.0859375
13 0.7109375 0.85234375 0.0734375 0.1828125
20 0.6171875 0.86171875 0.0875 0.1328125
8 0.52421875 0.9140625 0.1328125 0.1203125
11 0.4140625 0.9265625 0.0953125 0.0828125
1 0.68828125 0.9234375 0.1375 0.109375
18 0.384375 0.16015625 0.115625 0.184375
20 0.68046875 0.171875 0.0671875 0.11875
15 0.60546875 0.178125 0.075 0.0515625
10 0.71171875 0.18046875 0.0453125 0.115625
21 0.60234375 0.2078125 0.171875 0.08125
22 0.4796875 0.2140625 0.0953125 0.0515625
7 0.68125 0.4140625 0.1109375 0.146875
19 0.54453125 0.43359375 0.08125 0.0703125
0 0.43359375 0.44765625 0.121875 0.0640625
26 0.66171875 0.4546875 0.09375 0.06875
6 0.38671875 0.46171875 0.071875 0.0609375
23 0.47421875 0.46484375 0.090625 0.0453125