17 0.38984375 0.47109375 0.09375 0.0359375
20 0.66015625 0.56171875 0.0765625 0.1328125
14 0.46875 0.58984375 0.1 0.0953125
5 0.396875 0.59296875 0.0796875 0.1359375
22 0.57265625 0.60546875 0.1125 0.096875
25 0.63515625 0.8234375 0.103125 0.1
12 0.43203125 0.88984375 0.1265625 0.1
18 0.54140625 0.890625 0.18125 0.1453125
26 0.6796875 0.890625 0.1453125 0.1140625
20 0.546875 0.18125 0.078125 0.1234375
28 0.646875 0.19140625 0.1484375 0.0859375
19 0.39921875 0.209375 0.109375 0.084375
3 0.428125 0.44921875 0.05 0.0625
16 0.653125 0.44296875 0.103125 0.065625
21 0.5078125 0.45 0.1390625 0.0703125