10 0.47890625 0.56796875 0.0421875 0.121875
28 0.6671875 0.59765625 0.1375 0.103125
23 0.41875 0.6265625 0.09375 0.0515625
18 0.703125 0.84765625 0.109375 0.2234375
7 0.52109375 0.87421875 0.1328125 0.1078125
9 0.453125 0.903125 0.1421875 0.0828125
19 0.40234375 0.20625 0.1109375 0.0890625
27 0.54296875 0.2109375 0.0546875 0.0484375
6 0.63046875 0.2109375 0.0625 0.053125
11 0.68671875 0.21484375 0.103125 0.0375
25 0.43046875 0.42421875 0.11875 0.06875
22 0.540625 0.44375 0.09375 0.0703125
16 0.6625 0.44921875 0.1171875 0.0703125
21 0.4359375 0.46171875 0.1921875 0.0828125