7 0.59453125 0.553125 0.1703125 0.0859375
14 0.3734375 0.58359375 0.0984375 0.084375
9 0.4734375 0.59765625 0.1171875 0.0921875
18 0.584375 0.6 0.165625 0.0890625
23 0.4578125 0.87109375 0.090625 0.065625
15 0.35 0.86953125 0.0765625 0.096875
8 0.60625 0.878125 0.1296875 0.10625
10 0.46171875 0.18984375 0.0375 0.10625
19 0.36640625 0.19921875 0.10625 0.08125
22 0.5328125 0.21171875 0.1109375 0.0734375
1 0.6203125 0.21484375 0.1015625 0.0546875
28 0.384375 0.41328125 0.140625 0.0859375
25 0.62578125 0.44921875 0.1359375 0.0921875
17 0.49140625 0.459375 0.0828125 0.034375