8 0.4359375 0.60546875 0.128125 0.065625
29 0.68125 0.6046875 0.1421875 0.071875
12 0.59296875 0.884375 0.140625 0.1046875
7 0.44140625 0.89296875 0.140625 0.1171875
2 0.69296875 0.89375 0.0859375 0.084375
10 0.70234375 0.18515625 0.046875 0.1015625
19 0.41953125 0.2078125 0.103125 0.06875
3 0.6453125 0.21171875 0.0578125 0.059375
27 0.5421875 0.21953125 0.0671875 0.0515625
28 0.68671875 0.4359375 0.1375 0.09375
24 0.55546875 0.44765625 0.1203125 0.0546875
4 0.44453125 0.45703125 0.1078125 0.053125