5 0.43828125 0.55546875 0.10625 0.109375
28 0.665625 0.60625 0.13125 0.09375
14 0.409375 0.6015625 0.1109375 0.09375
26 0.5296875 0.61015625 0.15 0.0796875
1 0.678125 0.8796875 0.109375 0.1234375
9 0.43046875 0.90390625 0.1234375 0.0859375
3 0.57890625 0.9171875 0.0546875 0.0765625
19 0.41015625 0.1984375 0.0953125 0.0796875
27 0.5625 0.21171875 0.06875 0.0546875
17 0.690625 0.2328125 0.078125 0.0328125
5 0.42421875 0.4328125 0.1015625 0.1125
10 0.67734375 0.4375 0.05625 0.11875
6 0.61171875 0.4390625 0.065625 0.0296875
22 0.53359375 0.44296875 0.1046875 0.08125
11 0.65546875 0.45859375 0.1390625 0.0484375