2 0.54921875 0.475 0.1109375 0.0328125
19 0.6921875 0.60234375 0.0890625 0.0828125
27 0.44765625 0.6015625 0.096875 0.0578125
29 0.59453125 0.6125 0.1078125 0.0546875
20 0.68984375 0.83515625 0.0671875 0.1390625
5 0.40078125 0.8421875 0.0671875 0.11875
7 0.503125 0.865625 0.140625 0.0953125
26 0.62421875 0.88125 0.084375 0.103125
14 0.48359375 0.20546875 0.109375 0.0703125
16 0.70078125 0.22109375 0.096875 0.05625
22 0.56796875 0.21640625 0.0875 0.05625
13 0.47734375 0.39609375 0.0578125 0.1515625
25 0.67109375 0.440625 0.10625 0.08125
3 0.59375 0.446875 0.046875 0.0609375
4 0.4453125 0.4515625 0.0703125 0.053125