15 0.40625 0.5828125 0.096875 0.0984375
25 0.50625 0.590625 0.11875 0.0984375
27 0.61953125 0.60546875 0.09375 0.0609375
1 0.39296875 0.8703125 0.1125 0.0875
11 0.66640625 0.8875 0.1015625 0.0796875
26 0.48828125 0.8890625 0.0828125 0.0953125
26 0.590625 0.9 0.0578125 0.0796875
28 0.68046875 0.2078125 0.146875 0.0828125
23 0.4078125 0.2203125 0.0859375 0.0375
17 0.5171875 0.22734375 0.090625 0.0296875
19 0.41484375 0.4328125 0.09375 0.0875
6 0.61875 0.45703125 0.071875 0.0625
3 0.690625 0.4609375 0.0546875 0.0671875
16 0.515625 0.46328125 0.1125 0.0671875