25 0.6421875 0.57890625 0.121875 0.0984375
1 0.53671875 0.596875 0.1421875 0.1015625
3 0.40546875 0.61015625 0.053125 0.065625
15 0.68828125 0.8625 0.0953125 0.1203125
16 0.4359375 0.88984375 0.1078125 0.1
21 0.5671875 0.8859375 0.10625 0.134375
27 0.45546875 0.2140625 0.1 0.0578125
6 0.68203125 0.20703125 0.075 0.0484375
17 0.59375 0.22734375 0.0921875 0.0265625
7 0.684375 0.41171875 0.103125 0.1375
10 0.3875 0.43828125 0.0453125 0.115625
19 0.5984375 0.43828125 0.1015625 0.096875
22 0.46171875 0.44921875 0.109375 0.065625