27 0.4453125 0.5890625 0.084375 0.053125
21 0.66875 0.6015625 0.1140625 0.09375
14 0.5625 0.60078125 0.096875 0.0796875
2 0.4421875 0.634375 0.1625 0.040625
12 0.603125 0.86953125 0.18125 0.0859375
24 0.446875 0.8671875 0.1109375 0.08125
5 0.7078125 0.19921875 0.1125 0.1125
16 0.46484375 0.209375 0.121875 0.0703125
17 0.6125 0.23515625 0.1203125 0.0296875
10 0.66796875 0.42734375 0.0421875 0.10625
3 0.55625 0.446875 0.0546875 0.0703125
18 0.6359375 0.4578125 0.19375 0.0734375
1 0.45 0.453125 0.1421875 0.0640625