10 0.4734375 0.565625 0.04375 0.121875
28 0.65859375 0.61171875 0.1390625 0.1046875
23 0.4078125 0.61875 0.0953125 0.053125
18 0.671875 0.8640625 0.1125 0.225
7 0.48828125 0.875 0.134375 0.109375
9 0.41796875 0.89765625 0.1421875 0.0859375
19 0.428125 0.19921875 0.1125 0.0921875
27 0.56796875 0.215625 0.05625 0.05
6 0.65546875 0.2234375 0.0640625 0.0546875
11 0.7109375 0.2328125 0.103125 0.0390625
25 0.43671875 0.41875 0.1203125 0.0703125
22 0.5453125 0.44765625 0.0953125 0.071875
16 0.66640625 0.46328125 0.11875 0.071875
21 0.43984375 0.45625 0.1921875 0.0859375