26 0.6625 0.46015625 0.1796875 0.0640625
1 0.45625 0.590625 0.1 0.103125
28 0.671875 0.596875 0.13125 0.0984375
22 0.54296875 0.603125 0.1046875 0.084375
3 0.40078125 0.61953125 0.05625 0.0703125
15 0.675 0.853125 0.090625 0.115625
16 0.4984375 0.8671875 0.1015625 0.0625
25 0.41875 0.9 0.128125 0.121875
9 0.58125 0.94140625 0.1515625 0.0953125
18 0.4 0.1890625 0.1765625 0.1265625
6 0.61328125 0.21015625 0.065625 0.0578125
11 0.68046875 0.2171875 0.096875 0.05
17 0.5359375 0.228125 0.0984375 0.040625
10 0.396875 0.41015625 0.040625 0.08125
20 0.5296875 0.41171875 0.0796875 0.134375
27 0.4265625 0.45703125 0.084375 0.0578125