5 0.4328125 0.5640625 0.0953125 0.1265625
28 0.6703125 0.6015625 0.13125 0.0953125
14 0.409375 0.6109375 0.115625 0.096875
26 0.534375 0.6140625 0.14375 0.06875
5 0.5796875 0.853125 0.09375 0.1140625
1 0.6921875 0.8765625 0.109375 0.121875
9 0.4328125 0.9046875 0.1265625 0.0859375
19 0.4046875 0.2 0.1015625 0.084375
27 0.559375 0.2125 0.0625 0.05
17 0.6859375 0.2296875 0.0921875 0.0265625
10 0.6765625 0.4359375 0.05 0.115625
6 0.6125 0.4375 0.0640625 0.0265625
22 0.5359375 0.4453125 0.096875 0.0734375
16 0.4359375 0.45625 0.109375 0.065625
11 0.653125 0.45625 0.13125 0.053125