1 0.459375 0.59296875 0.096875 0.090625
28 0.66953125 0.59453125 0.14375 0.1
22 0.54765625 0.60234375 0.103125 0.0921875
3 0.403125 0.62265625 0.059375 0.0703125
15 0.6890625 0.8515625 0.1015625 0.10625
16 0.47578125 0.86875 0.153125 0.06875
19 0.43828125 0.92734375 0.121875 0.115625
9 0.5984375 0.94375 0.1859375 0.103125
27 0.51171875 0.21015625 0.059375 0.05
6 0.62265625 0.21171875 0.0796875 0.0640625
11 0.68515625 0.21015625 0.084375 0.0546875
17 0.4078125 0.234375 0.090625 0.0265625
20 0.5296875 0.4078125 0.0734375 0.128125
10 0.6609375 0.40390625 0.0546875 0.0859375
7 0.446875 0.44765625 0.1796875 0.1078125
21 0.56640625 0.46015625 0.0734375 0.0609375
26 0.67265625 0.45625 0.159375 0.0671875