19 0.421875 0.5765625 0.090625 0.0796875
28 0.6671875 0.603125 0.1234375 0.0921875
26 0.5296875 0.6140625 0.1515625 0.071875
8 0.6515625 0.9015625 0.125 0.103125
9 0.434375 0.9078125 0.115625 0.0765625
27 0.55625 0.2109375 0.053125 0.0484375
16 0.428125 0.2140625 0.1109375 0.0546875
6 0.6421875 0.2171875 0.0671875 0.0546875
11 0.7 0.2203125 0.0953125 0.0421875
25 0.4328125 0.4171875 0.10625 0.0546875
10 0.6640625 0.428125 0.0390625 0.1171875
22 0.54375 0.44375 0.0921875 0.075
21 0.4390625 0.459375 0.1828125 0.075