5 0.434375 0.5625 0.103125 0.121875
28 0.66875 0.603125 0.1359375 0.09375
26 0.5328125 0.6109375 0.14375 0.075
6 0.403125 0.6125 0.0625 0.059375
1 0.6890625 0.878125 0.1125 0.1296875
9 0.434375 0.9046875 0.121875 0.0796875
3 0.5875 0.9140625 0.0546875 0.0703125
27 0.55625 0.2109375 0.0640625 0.0484375
23 0.66875 0.228125 0.0828125 0.025
10 0.628125 0.415625 0.0421875 0.078125
25 0.4328125 0.425 0.1015625 0.05
22 0.5390625 0.4453125 0.096875 0.065625
21 0.640625 0.45625 0.16875 0.071875
16 0.4546875 0.4640625 0.16875 0.0546875