20 0.66015625 0.57265625 0.0765625 0.134375
5 0.39140625 0.57578125 0.0890625 0.109375
17 0.5609375 0.6171875 0.084375 0.0515625
13 0.57734375 0.8140625 0.0703125 0.1515625
10 0.36640625 0.8359375 0.0390625 0.1015625
12 0.54296875 0.9046875 0.1765625 0.0875
16 0.3890625 0.91328125 0.115625 0.1171875
5 0.4046875 0.16796875 0.10625 0.153125
25 0.5109375 0.203125 0.13125 0.0859375
22 0.66796875 0.22109375 0.1328125 0.075
19 0.4234375 0.44140625 0.096875 0.078125
11 0.62890625 0.46015625 0.1296875 0.0453125
26 0.52734375 0.4609375 0.134375 0.06875