26 0.57734375 0.46953125 0.0765625 0.034375
25 0.55859375 0.57421875 0.1234375 0.09375
1 0.4734375 0.57890625 0.1125 0.0828125
3 0.64609375 0.6 0.053125 0.0640625
13 0.68203125 0.821875 0.0703125 0.15625
13 0.71328125 0.84296875 0.071875 0.165625
16 0.58984375 0.884375 0.1390625 0.1015625
21 0.421875 0.89375 0.1171875 0.1234375
18 0.38046875 0.16171875 0.1328125 0.178125
27 0.49609375 0.2140625 0.059375 0.05
6 0.68515625 0.21015625 0.075 0.046875
17 0.6015625 0.23046875 0.0921875 0.025
7 0.6859375 0.4140625 0.109375 0.1390625
10 0.38671875 0.43828125 0.0453125 0.115625
19 0.54609375 0.4390625 0.0890625 0.084375
22 0.4578125 0.4484375 0.1 0.0703125
26 0.65625 0.45078125 0.090625 0.0671875