9 0.52734375 0.46953125 0.146875 0.0375
28 0.646875 0.59140625 0.140625 0.09375
27 0.4140625 0.5984375 0.078125 0.0703125
16 0.52890625 0.60390625 0.109375 0.0828125
13 0.55234375 0.82890625 0.0765625 0.171875
5 0.4125 0.85625 0.0984375 0.1578125
0 0.640625 0.86796875 0.1234375 0.0953125
1 0.515625 0.91015625 0.153125 0.08125
13 0.66640625 0.17421875 0.065625 0.1546875
20 0.40859375 0.171875 0.0703125 0.1296875
26 0.5078125 0.2203125 0.1453125 0.0578125
21 0.69375 0.45703125 0.0828125 0.078125
19 0.4078125 0.446875 0.0953125 0.084375
21 0.625 0.45625 0.053125 0.0515625