26 0.66484375 0.47109375 0.1796875 0.0640625
1 0.45 0.5875 0.1 0.103125
28 0.66484375 0.60859375 0.13125 0.0984375
22 0.53515625 0.60625 0.1046875 0.084375
3 0.39296875 0.61171875 0.05625 0.0703125
15 0.65 0.86484375 0.090625 0.115625
16 0.4734375 0.86640625 0.1015625 0.0625
25 0.390625 0.89296875 0.128125 0.121875
9 0.55 0.94609375 0.1515625 0.0953125
18 0.421875 0.1828125 0.1765625 0.1265625
6 0.63359375 0.21875 0.065625 0.0578125
11 0.7 0.23046875 0.096875 0.05
17 0.5546875 0.23125 0.0984375 0.040625
10 0.403125 0.403125 0.040625 0.08125
20 0.5359375 0.4140625 0.0796875 0.134375
27 0.4296875 0.45234375 0.084375 0.0578125