3 0.60234375 0.57109375 0.0484375 0.059375
7 0.5234375 0.59765625 0.146875 0.0828125
2 0.66640625 0.60390625 0.08125 0.05
20 0.54921875 0.8296875 0.071875 0.1375
22 0.6453125 0.8546875 0.11875 0.090625
5 0.44140625 0.88359375 0.1046875 0.1171875
20 0.5015625 0.1765625 0.084375 0.140625
19 0.68828125 0.20078125 0.09375 0.0640625
26 0.40234375 0.21875 0.078125 0.0515625
11 0.58984375 0.21875 0.0953125 0.0484375
0 0.434375 0.45078125 0.1234375 0.0734375
24 0.675 0.446875 0.09375 0.0578125
8 0.5609375 0.45859375 0.1265625 0.05625