15 0.5390625 0.465625 0.05625 0.0515625
5 0.4390625 0.5640625 0.10625 0.128125
19 0.40625 0.6015625 0.0953125 0.096875
28 0.6734375 0.60625 0.1296875 0.084375
26 0.5328125 0.6125 0.14375 0.0671875
1 0.690625 0.8734375 0.115625 0.121875
9 0.4375 0.903125 0.125 0.0828125
3 0.5875 0.9171875 0.05625 0.0765625
10 0.6 0.1828125 0.046875 0.1140625
25 0.421875 0.196875 0.1390625 0.075
27 0.5625 0.2140625 0.0703125 0.05
23 0.6703125 0.2265625 0.090625 0.028125
22 0.534375 0.4453125 0.0953125 0.0671875
21 0.6453125 0.4578125 0.159375 0.0734375
12 0.4171875 0.4609375 0.1265625 0.053125