25 0.5796875 0.559375 0.1015625 0.053125
19 0.4328125 0.5765625 0.103125 0.06875
20 0.690625 0.5828125 0.075 0.1421875
14 0.590625 0.5984375 0.1328125 0.090625
23 0.45625 0.6265625 0.096875 0.0546875
13 0.671875 0.8203125 0.0578125 0.159375
13 0.615625 0.8203125 0.0625 0.1640625
17 0.5421875 0.859375 0.078125 0.0484375
28 0.68125 0.925 0.1359375 0.1265625
16 0.528125 0.925 0.1125 0.1140625
1 0.4109375 0.94375 0.1203125 0.0921875
18 0.4140625 0.18125 0.1625 0.1171875
15 0.6953125 0.2 0.0859375 0.0890625
26 0.478125 0.2140625 0.14375 0.0546875
22 0.6 0.2140625 0.1046875 0.0625
5 0.59375 0.4265625 0.10625 0.0984375
0 0.4296875 0.4359375 0.1 0.05625
6 0.515625 0.453125 0.0625 0.053125
27 0.446875 0.45625 0.0890625 0.05625