20 0.66015625 0.5625 0.0765625 0.1328125
5 0.39375 0.5875 0.0828125 0.1078125
15 0.4734375 0.60078125 0.1015625 0.1015625
22 0.575 0.60625 0.0984375 0.0875
3 0.66953125 0.6140625 0.053125 0.0671875
25 0.62890625 0.82734375 0.1015625 0.1
1 0.5453125 0.87734375 0.1171875 0.0984375
12 0.42578125 0.8875 0.121875 0.0953125
26 0.68046875 0.896875 0.14375 0.1125
13 0.5109375 0.1578125 0.071875 0.1796875
20 0.41171875 0.18125 0.084375 0.1265625
23 0.653125 0.21953125 0.1015625 0.040625
21 0.50859375 0.45 0.140625 0.075
16 0.65390625 0.44921875 0.1109375 0.0703125
6 0.40234375 0.459375 0.0625 0.0546875