1 0.45 0.58515625 0.0984375 0.0890625
28 0.6671875 0.6015625 0.134375 0.0921875
22 0.540625 0.60390625 0.10625 0.0875
3 0.39296875 0.621875 0.0515625 0.0671875
16 0.6015625 0.8625 0.0953125 0.0953125
15 0.6828125 0.8640625 0.0921875 0.128125
19 0.5109375 0.8703125 0.0953125 0.1015625
12 0.41953125 0.8984375 0.1015625 0.1015625
27 0.54375 0.21015625 0.0546875 0.05
6 0.634375 0.21640625 0.075 0.053125
11 0.6890625 0.21875 0.0875 0.0359375
10 0.659375 0.4015625 0.0390625 0.0640625
25 0.41953125 0.446875 0.134375 0.09375
7 0.68203125 0.4453125 0.1265625 0.0890625
26 0.57421875 0.4578125 0.13125 0.059375