5 0.43828125 0.55390625 0.103125 0.11875
28 0.6640625 0.60625 0.13125 0.090625
14 0.4078125 0.6046875 0.121875 0.096875
26 0.52890625 0.61328125 0.146875 0.08125
1 0.68125 0.878125 0.11875 0.125
9 0.43359375 0.90390625 0.1234375 0.090625
3 0.58046875 0.915625 0.05625 0.0734375
19 0.41015625 0.2 0.1078125 0.084375
27 0.5625 0.21171875 0.071875 0.0515625
17 0.6859375 0.2359375 0.0890625 0.025
22 0.52734375 0.44453125 0.0875 0.078125
25 0.59609375 0.453125 0.1109375 0.084375
11 0.67109375 0.45625 0.1078125 0.0484375
12 0.41796875 0.4640625 0.1265625 0.05625