15 0.5671875 0.58359375 0.0921875 0.09375
6 0.690625 0.590625 0.078125 0.0609375
3 0.45546875 0.603125 0.0609375 0.0703125
11 0.6953125 0.865625 0.059375 0.05625
22 0.44765625 0.88359375 0.1046875 0.103125
11 0.63671875 0.884375 0.0484375 0.0578125
23 0.5640625 0.89296875 0.0921875 0.0734375
11 0.68515625 0.9234375 0.05 0.04375
20 0.396875 0.178125 0.096875 0.1453125
0 0.66796875 0.203125 0.1171875 0.06875
17 0.55625 0.22265625 0.096875 0.034375
1 0.66484375 0.44140625 0.10625 0.071875
19 0.56875 0.44765625 0.115625 0.0828125
27 0.4515625 0.4578125 0.0953125 0.0625