20 0.67734375 0.5703125 0.0765625 0.1375
5 0.4 0.5796875 0.0953125 0.1125
1 0.5203125 0.59453125 0.11875 0.08125
6 0.634375 0.6265625 0.0765625 0.0671875
13 0.5953125 0.8203125 0.06875 0.159375
3 0.390625 0.86328125 0.0484375 0.06875
10 0.40390625 0.8875 0.040625 0.1078125
27 0.5625 0.91328125 0.0921875 0.090625
22 0.68203125 0.2203125 0.1328125 0.0671875
23 0.5234375 0.22265625 0.0921875 0.040625
14 0.54375 0.446875 0.1046875 0.109375
19 0.425 0.44609375 0.0984375 0.08125
21 0.6953125 0.45859375 0.0828125 0.0734375
21 0.6234375 0.45859375 0.0546875 0.0578125