23 0.64140625 0.46953125 0.075 0.0453125
5 0.43671875 0.56171875 0.109375 0.1171875
28 0.6703125 0.6046875 0.1328125 0.1
26 0.53046875 0.61640625 0.1453125 0.078125
1 0.68125 0.8765625 0.11875 0.11875
9 0.44140625 0.90390625 0.1296875 0.0828125
3 0.58203125 0.915625 0.0609375 0.075
16 0.43515625 0.2078125 0.125 0.075
27 0.559375 0.21171875 0.0578125 0.0546875
6 0.6421875 0.22265625 0.0609375 0.0515625
11 0.7015625 0.2265625 0.096875 0.0421875
25 0.434375 0.42265625 0.1140625 0.0578125
22 0.54296875 0.44453125 0.09375 0.0734375
21 0.43671875 0.45390625 0.1875 0.0796875