28 0.53125 0.58359375 0.16875 0.0890625
29 0.69296875 0.59921875 0.1109375 0.0515625
7 0.60859375 0.83046875 0.125 0.1109375
5 0.5140625 0.8625 0.090625 0.1296875
24 0.43984375 0.88515625 0.096875 0.0890625
14 0.64765625 0.8875 0.1015625 0.078125
16 0.51328125 0.21015625 0.1296875 0.0625
4 0.40859375 0.2171875 0.0765625 0.0484375
17 0.6828125 0.2203125 0.1171875 0.0375
13 0.65234375 0.39140625 0.071875 0.15
22 0.4390625 0.45390625 0.103125 0.06875
27 0.7046875 0.44765625 0.0921875 0.0578125
8 0.5609375 0.45859375 0.13125 0.053125