7 0.59140625 0.5546875 0.165625 0.0765625
18 0.58125 0.5921875 0.1625 0.096875
17 0.3734375 0.59765625 0.0828125 0.0421875
15 0.3515625 0.86796875 0.08125 0.096875
23 0.459375 0.87578125 0.10625 0.05625
10 0.46171875 0.19453125 0.0359375 0.1015625
19 0.36171875 0.20234375 0.109375 0.0765625
22 0.534375 0.21015625 0.1078125 0.071875
1 0.6171875 0.21953125 0.090625 0.059375
5 0.3671875 0.43046875 0.0703125 0.1
14 0.45546875 0.43828125 0.0890625 0.0828125
25 0.62421875 0.44609375 0.1359375 0.0984375
3 0.52109375 0.459375 0.0546875 0.0640625