28 0.66875 0.6078125 0.1390625 0.096875
22 0.5375 0.60859375 0.103125 0.0875
23 0.41015625 0.6203125 0.090625 0.05
18 0.684375 0.859375 0.1 0.2203125
14 0.596875 0.8765625 0.0921875 0.1140625
9 0.42578125 0.896875 0.134375 0.08125
19 0.42109375 0.1984375 0.1125 0.090625
27 0.559375 0.21171875 0.0546875 0.0484375
6 0.646875 0.22421875 0.0671875 0.0484375
11 0.703125 0.228125 0.0875 0.04375
10 0.665625 0.409375 0.0421875 0.0671875
25 0.4328125 0.425 0.1234375 0.071875
7 0.68671875 0.453125 0.11875 0.0921875
21 0.43046875 0.45625 0.184375 0.075
26 0.58046875 0.4609375 0.13125 0.0640625