17 0.6328125 0.46328125 0.0796875 0.0390625
15 0.4140625 0.5875 0.103125 0.109375
18 0.52734375 0.6015625 0.2078125 0.1078125
6 0.66484375 0.60390625 0.071875 0.0625
14 0.56328125 0.8484375 0.128125 0.084375
5 0.57265625 0.86875 0.1046875 0.15625
3 0.659375 0.8890625 0.053125 0.075
7 0.4328125 0.92421875 0.14375 0.128125
20 0.3953125 0.18125 0.078125 0.13125
19 0.6578125 0.20234375 0.0953125 0.0734375
1 0.53984375 0.21171875 0.13125 0.0609375
22 0.5359375 0.43984375 0.1109375 0.08125
8 0.43125 0.46796875 0.13125 0.065625