23 0.640625 0.47421875 0.0828125 0.0453125
5 0.4390625 0.5609375 0.1078125 0.121875
28 0.66328125 0.61015625 0.1375 0.1015625
26 0.53046875 0.6125 0.1515625 0.084375
1 0.67109375 0.884375 0.121875 0.115625
9 0.41328125 0.90234375 0.1234375 0.0796875
3 0.565625 0.92109375 0.06875 0.0890625
16 0.4546875 0.2046875 0.1125 0.059375
27 0.56953125 0.2140625 0.05625 0.053125
6 0.65625 0.2296875 0.0796875 0.0625
11 0.7140625 0.2375 0.0921875 0.0484375
18 0.440625 0.4046875 0.178125 0.1796875
22 0.546875 0.44609375 0.096875 0.0828125