23 0.6390625 0.4625 0.0765625 0.046875
5 0.43984375 0.56484375 0.1125 0.11875
28 0.675 0.5953125 0.134375 0.103125
26 0.53671875 0.6140625 0.146875 0.0796875
1 0.70078125 0.86640625 0.121875 0.121875
9 0.4625 0.90625 0.13125 0.0859375
3 0.603125 0.9109375 0.0625 0.075
16 0.41953125 0.21171875 0.1265625 0.078125
27 0.54453125 0.209375 0.0578125 0.0546875
6 0.62734375 0.215625 0.0609375 0.0515625
11 0.68671875 0.21640625 0.0984375 0.04375
25 0.43046875 0.42578125 0.1140625 0.059375
22 0.53984375 0.4421875 0.0953125 0.075
21 0.434375 0.45703125 0.1890625 0.0828125