1 0.4515625 0.58984375 0.1125 0.096875
22 0.54609375 0.60078125 0.1046875 0.1
28 0.67109375 0.59453125 0.1390625 0.0953125
3 0.4046875 0.62265625 0.05625 0.071875
18 0.71171875 0.8390625 0.1140625 0.2375
19 0.53203125 0.87265625 0.09375 0.109375
12 0.43046875 0.90390625 0.10625 0.109375
26 0.53359375 0.20859375 0.05625 0.0484375
6 0.62421875 0.20703125 0.06875 0.0609375
11 0.68515625 0.21171875 0.0875 0.040625
9 0.403125 0.2359375 0.1484375 0.0328125
10 0.6578125 0.40859375 0.046875 0.0921875
25 0.42421875 0.42421875 0.11875 0.0734375
7 0.68125 0.440625 0.115625 0.0953125
21 0.42578125 0.46015625 0.1765625 0.09375
26 0.57578125 0.45390625 0.1328125 0.06875