2 0.44609375 0.47578125 0.15625 0.0359375
21 0.6734375 0.596875 0.115625 0.0921875
14 0.5640625 0.60078125 0.1015625 0.0765625
27 0.4515625 0.60390625 0.090625 0.059375
19 0.5171875 0.853125 0.09375 0.096875
7 0.64375 0.87265625 0.1625 0.103125
24 0.425 0.871875 0.090625 0.0890625
5 0.70546875 0.19296875 0.115625 0.1109375
17 0.6046875 0.23125 0.11875 0.0265625
10 0.6671875 0.4234375 0.040625 0.1046875
16 0.47421875 0.43828125 0.1234375 0.06875
3 0.55703125 0.45078125 0.053125 0.071875
18 0.63984375 0.45703125 0.2 0.071875