19 0.428125 0.59296875 0.0890625 0.084375
21 0.6828125 0.603125 0.11875 0.078125
14 0.53359375 0.603125 0.1078125 0.078125
24 0.425 0.86796875 0.1015625 0.0890625
15 0.55390625 0.88359375 0.1359375 0.109375
29 0.66640625 0.89375 0.1390625 0.1078125
5 0.475 0.18046875 0.084375 0.1296875
3 0.41953125 0.209375 0.05625 0.0625
7 0.58203125 0.21796875 0.1 0.071875
0 0.69765625 0.22265625 0.0734375 0.0671875
13 0.68984375 0.4015625 0.065625 0.15
27 0.5765625 0.45234375 0.0875 0.05625
4 0.425 0.45859375 0.08125 0.06875