15 0.5625 0.58671875 0.090625 0.0921875
6 0.6859375 0.6 0.078125 0.059375
3 0.45 0.60078125 0.059375 0.0703125
11 0.6765625 0.875 0.059375 0.05625
22 0.42734375 0.8796875 0.103125 0.1015625
11 0.61640625 0.89140625 0.0484375 0.0578125
23 0.54296875 0.89609375 0.090625 0.071875
11 0.6625 0.9328125 0.0484375 0.04375
20 0.41328125 0.1734375 0.0953125 0.14375
0 0.6828125 0.2125 0.1171875 0.065625
17 0.5703125 0.2265625 0.0953125 0.0328125
1 0.66796875 0.45 0.10625 0.0703125
19 0.57109375 0.4515625 0.1140625 0.08125
27 0.45390625 0.45546875 0.0953125 0.0609375