27 0.6625 0.5890625 0.053125 0.0671875
4 0.571875 0.5921875 0.0671875 0.05625
29 0.4578125 0.60546875 0.1796875 0.071875
25 0.6734375 0.8609375 0.109375 0.109375
28 0.540625 0.86953125 0.1328125 0.125
16 0.42109375 0.8890625 0.0921875 0.084375
14 0.42109375 0.2078125 0.1015625 0.0734375
26 0.6015625 0.2234375 0.1640625 0.0359375
2 0.503125 0.2359375 0.0796875 0.0140625
13 0.44375 0.40703125 0.065625 0.1703125
20 0.5390625 0.41328125 0.065625 0.1296875
11 0.63828125 0.44609375 0.1703125 0.0484375