7 0.59609375 0.55390625 0.178125 0.09375
14 0.403125 0.5828125 0.1484375 0.0953125
18 0.58046875 0.6 0.1609375 0.096875
15 0.33828125 0.8625 0.0890625 0.103125
23 0.44453125 0.87421875 0.096875 0.0734375
8 0.5984375 0.88359375 0.1359375 0.1078125
10 0.47265625 0.190625 0.0484375 0.103125
19 0.371875 0.19453125 0.1109375 0.0765625
22 0.54140625 0.2109375 0.1109375 0.0828125
1 0.63515625 0.22109375 0.08125 0.0578125
28 0.38125 0.4078125 0.1453125 0.0890625
25 0.6265625 0.45 0.13125 0.1
17 0.48984375 0.45703125 0.0890625 0.04375