12 0.68046875 0.4640625 0.140625 0.0546875
15 0.4125 0.584375 0.1 0.1078125
18 0.5140625 0.5984375 0.178125 0.090625
7 0.675 0.5953125 0.1625 0.0984375
14 0.5578125 0.85078125 0.13125 0.096875
10 0.65 0.86484375 0.0421875 0.0953125
16 0.43046875 0.89375 0.1140625 0.1125
21 0.62890625 0.91953125 0.23125 0.1375
19 0.66640625 0.2015625 0.0984375 0.0671875
11 0.4140625 0.221875 0.0890625 0.040625
23 0.54375 0.21953125 0.0921875 0.0421875
22 0.53828125 0.43984375 0.109375 0.078125
27 0.43203125 0.453125 0.0953125 0.059375