25 0.58828125 0.5703125 0.1140625 0.0796875
20 0.696875 0.57734375 0.084375 0.1453125
1 0.4640625 0.5890625 0.134375 0.075
14 0.6171875 0.58984375 0.1234375 0.0890625
23 0.521875 0.62421875 0.0796875 0.053125
13 0.6828125 0.8125 0.071875 0.1609375
13 0.6234375 0.81484375 0.06875 0.1609375
7 0.45 0.86640625 0.1390625 0.1203125
17 0.55390625 0.871875 0.071875 0.059375
16 0.71015625 0.92265625 0.13125 0.115625
9 0.5578125 0.95 0.13125 0.0953125
15 0.68125 0.190625 0.0859375 0.09375
18 0.40703125 0.2 0.175 0.0875
26 0.46953125 0.21484375 0.14375 0.0640625
22 0.58984375 0.2109375 0.10625 0.065625
19 0.41171875 0.44375 0.09375 0.084375
27 0.6453125 0.44921875 0.0984375 0.0546875
6 0.5625 0.45859375 0.0671875 0.059375