2 0.43046875 0.46953125 0.0796875 0.0359375
16 0.4890625 0.58125 0.103125 0.078125
21 0.6703125 0.6 0.1203125 0.096875
14 0.55390625 0.60234375 0.10625 0.0796875
27 0.44296875 0.603125 0.084375 0.065625
19 0.509375 0.85078125 0.1 0.0953125
7 0.63046875 0.875 0.171875 0.109375
24 0.41640625 0.87109375 0.090625 0.0890625
5 0.70625 0.19921875 0.0734375 0.1140625
17 0.6265625 0.23203125 0.09375 0.0296875
10 0.66484375 0.42578125 0.040625 0.103125
3 0.5515625 0.446875 0.0515625 0.0671875
18 0.634375 0.4578125 0.1875 0.0734375