0 0.5625 0.596875 0.1328125 0.0890625
29 0.6796875 0.6078125 0.14375 0.0734375
8 0.4359375 0.6078125 0.125 0.0703125
12 0.5859375 0.8859375 0.1390625 0.103125
7 0.4375 0.8875 0.1390625 0.1203125
2 0.6890625 0.8984375 0.0875 0.084375
10 0.7109375 0.1890625 0.04375 0.103125
19 0.4234375 0.20625 0.10625 0.065625
3 0.653125 0.2140625 0.05625 0.0578125
27 0.5484375 0.21875 0.065625 0.05
28 0.690625 0.440625 0.1296875 0.090625
24 0.559375 0.4484375 0.1171875 0.05625
4 0.4484375 0.45625 0.10625 0.0484375