1 0.446875 0.590625 0.1234375 0.1046875
28 0.66171875 0.60703125 0.140625 0.1
22 0.53359375 0.6078125 0.1015625 0.090625
16 0.4765625 0.86171875 0.096875 0.06875
25 0.39375 0.8953125 0.1171875 0.1109375
18 0.4265625 0.1796875 0.1765625 0.1265625
6 0.63671875 0.2203125 0.071875 0.0578125
11 0.7046875 0.22890625 0.09375 0.04375
17 0.55625 0.228125 0.0890625 0.0328125
10 0.4046875 0.415625 0.04375 0.103125
19 0.55546875 0.44375 0.0953125 0.0828125
0 0.6453125 0.4578125 0.1015625 0.078125
27 0.4390625 0.45234375 0.084375 0.0578125