26 0.58046875 0.475 0.071875 0.0375
5 0.4625 0.546875 0.0953125 0.1125
25 0.55625 0.58046875 0.1125 0.0890625
3 0.6703125 0.6 0.053125 0.0640625
28 0.45390625 0.603125 0.190625 0.1046875
23 0.62421875 0.6171875 0.096875 0.0484375
13 0.66015625 0.82734375 0.0703125 0.1453125
20 0.58828125 0.8421875 0.071875 0.1296875
16 0.41953125 0.84140625 0.10625 0.0625
13 0.6890625 0.85859375 0.0765625 0.1765625
1 0.66015625 0.92265625 0.1234375 0.1390625
21 0.39921875 0.921875 0.128125 0.115625
12 0.51484375 0.92734375 0.0921875 0.071875
18 0.41328125 0.153125 0.1296875 0.1875
20 0.6953125 0.1875 0.0625 0.125
10 0.7296875 0.1953125 0.046875 0.1078125
15 0.62421875 0.20078125 0.0984375 0.1
22 0.50390625 0.2140625 0.1109375 0.065625
7 0.68515625 0.4296875 0.1109375 0.1453125
19 0.54609375 0.440625 0.078125 0.0796875
0 0.4359375 0.44296875 0.1203125 0.0640625
26 0.665625 0.46328125 0.09375 0.0671875
6 0.3921875 0.45703125 0.0625 0.059375