2 0.43046875 0.4703125 0.078125 0.034375
16 0.490625 0.58125 0.1015625 0.0765625
21 0.671875 0.596875 0.11875 0.09375
14 0.55625 0.60078125 0.1046875 0.078125
27 0.4453125 0.60390625 0.084375 0.0640625
19 0.515625 0.85 0.0984375 0.09375
7 0.6375 0.87265625 0.1703125 0.10625
24 0.4234375 0.871875 0.0890625 0.0875
5 0.70078125 0.1953125 0.071875 0.1125
17 0.621875 0.23046875 0.0921875 0.028125
10 0.6640625 0.4234375 0.0390625 0.1015625
3 0.55078125 0.44609375 0.0515625 0.0671875
18 0.63359375 0.45546875 0.1875 0.0703125