28 0.6453125 0.596875 0.146875 0.103125
16 0.51953125 0.60546875 0.1078125 0.075
17 0.42421875 0.60546875 0.0796875 0.059375
13 0.59140625 0.82265625 0.0703125 0.1640625
3 0.38359375 0.86328125 0.0484375 0.06875
20 0.53515625 0.87734375 0.0796875 0.15
10 0.396875 0.8859375 0.04375 0.109375
20 0.4546875 0.175 0.0765625 0.1328125
27 0.66171875 0.2171875 0.0578125 0.0421875
21 0.62734375 0.453125 0.0453125 0.0453125
21 0.69765625 0.45859375 0.0796875 0.0796875
19 0.43046875 0.44765625 0.1 0.0828125
7 0.55703125 0.4625 0.16875 0.0703125