26 0.57890625 0.4671875 0.0734375 0.0421875
5 0.46484375 0.5703125 0.09375 0.1359375
20 0.40546875 0.5796875 0.0796875 0.1421875
25 0.55859375 0.57578125 0.121875 0.09375
3 0.64921875 0.59921875 0.053125 0.065625
13 0.68359375 0.821875 0.0765625 0.1640625
13 0.71484375 0.84296875 0.0734375 0.1671875
1 0.59375 0.846875 0.1375 0.1015625
21 0.42265625 0.8890625 0.1140625 0.1203125
18 0.38203125 0.16640625 0.15625 0.1625
20 0.5109375 0.17578125 0.084375 0.13125
15 0.596875 0.19296875 0.1 0.0890625
6 0.69140625 0.21015625 0.0765625 0.0484375
7 0.6859375 0.4140625 0.115625 0.1546875
10 0.38984375 0.43828125 0.0453125 0.115625
19 0.54140625 0.4359375 0.08125 0.078125
22 0.45625 0.4484375 0.0953125 0.06875
26 0.65625 0.45234375 0.0921875 0.0671875