23 0.4046875 0.4640625 0.08125 0.0515625
9 0.66640625 0.47265625 0.1703125 0.05
14 0.403125 0.59375 0.0984375 0.096875
27 0.5203125 0.59921875 0.09375 0.0578125
28 0.66015625 0.60859375 0.1328125 0.0921875
0 0.5390625 0.85625 0.0546875 0.0625
0 0.62890625 0.8734375 0.084375 0.0890625
11 0.38046875 0.87265625 0.0515625 0.040625
11 0.49140625 0.88125 0.0921875 0.084375
20 0.6921875 0.184375 0.0828125 0.128125
19 0.46953125 0.20625 0.103125 0.0765625
22 0.58828125 0.215625 0.109375 0.071875
7 0.48046875 0.44296875 0.20625 0.0734375