23 0.6375 0.46015625 0.0828125 0.0453125
5 0.4453125 0.5671875 0.1078125 0.121875
28 0.67421875 0.59296875 0.1375 0.1015625
26 0.54140625 0.60859375 0.1515625 0.084375
1 0.71015625 0.86484375 0.121875 0.115625
9 0.45546875 0.909375 0.1234375 0.0796875
3 0.609375 0.91171875 0.06875 0.0890625
16 0.42421875 0.21171875 0.1125 0.059375
27 0.53984375 0.20859375 0.05625 0.053125
6 0.62734375 0.21484375 0.0796875 0.0625
11 0.68515625 0.21640625 0.0921875 0.0484375
18 0.43125 0.4109375 0.178125 0.1796875
22 0.540625 0.44140625 0.096875 0.0828125