27 0.528125 0.5953125 0.0828125 0.065625
24 0.6671875 0.6046875 0.0984375 0.065625
26 0.4078125 0.615625 0.0890625 0.0546875
19 0.5359375 0.8671875 0.0875 0.0796875
21 0.6890625 0.878125 0.1078125 0.1234375
0 0.4328125 0.8828125 0.115625 0.0921875
13 0.5953125 0.1640625 0.0703125 0.1578125
25 0.7046875 0.1984375 0.13125 0.0921875
3 0.478125 0.21875 0.0484375 0.0484375
23 0.4125 0.2203125 0.084375 0.040625
20 0.4265625 0.4125 0.0796875 0.1359375
18 0.559375 0.421875 0.1890625 0.0921875
8 0.6625 0.4609375 0.19375 0.0484375