15 0.5015625 0.5875 0.09375 0.096875
14 0.403125 0.60625 0.1015625 0.1
1 0.596875 0.615625 0.115625 0.0671875
11 0.6421875 0.8703125 0.0390625 0.0375
11 0.7 0.88125 0.05625 0.0765625
0 0.5703125 0.890625 0.06875 0.1015625
18 0.45 0.896875 0.1828125 0.15
0 0.6609375 0.9078125 0.0625 0.0671875
28 0.675 0.2015625 0.146875 0.08125
23 0.4015625 0.225 0.084375 0.034375
17 0.5078125 0.2296875 0.0953125 0.0375
19 0.4140625 0.43125 0.0859375 0.065625
8 0.5453125 0.4546875 0.125 0.04375
27 0.6203125 0.45625 0.071875 0.0546875
26 0.396875 0.4640625 0.115625 0.0734375