5 0.4421875 0.559375 0.1109375 0.1125
28 0.67265625 0.59453125 0.134375 0.0984375
14 0.41640625 0.6078125 0.1140625 0.0984375
26 0.53671875 0.6078125 0.1515625 0.084375
1 0.70390625 0.86640625 0.1140625 0.128125
9 0.45859375 0.90703125 0.1265625 0.090625
3 0.6078125 0.9109375 0.05625 0.078125
19 0.3890625 0.20546875 0.0984375 0.0828125
27 0.54296875 0.20859375 0.0703125 0.05625
17 0.671875 0.2203125 0.0796875 0.0359375
5 0.4203125 0.43828125 0.10625 0.115625
10 0.67265625 0.425 0.0609375 0.1203125
6 0.6078125 0.43203125 0.0671875 0.03125
22 0.5296875 0.440625 0.1078125 0.084375
11 0.65234375 0.4484375 0.140625 0.053125