23 0.47421875 0.46953125 0.0890625 0.04375
26 0.57578125 0.46953125 0.075 0.034375
5 0.4625 0.546875 0.0984375 0.103125
25 0.56015625 0.56953125 0.115625 0.0828125
3 0.6765625 0.5828125 0.059375 0.065625
28 0.46484375 0.609375 0.1953125 0.1078125
8 0.64453125 0.6140625 0.1578125 0.05625
13 0.6796875 0.81875 0.0609375 0.1484375
16 0.44609375 0.84609375 0.1 0.06875
13 0.715625 0.84453125 0.075 0.171875
21 0.54375 0.8515625 0.0921875 0.075
20 0.625 0.86015625 0.075 0.140625
9 0.4375 0.91328125 0.1328125 0.090625
1 0.69609375 0.9140625 0.1359375 0.128125
12 0.53671875 0.92890625 0.08125 0.08125
11 0.42578125 0.975 0.0390625 0.0359375
18 0.38515625 0.15703125 0.128125 0.1890625
20 0.6734375 0.1734375 0.06875 0.140625
10 0.709375 0.1796875 0.0453125 0.1265625
15 0.5984375 0.18984375 0.0921875 0.0875
22 0.48359375 0.21328125 0.125 0.06875
7 0.6859375 0.415625 0.1140625 0.1546875
19 0.53984375 0.43125 0.078125 0.0734375
0 0.43359375 0.44296875 0.1125 0.06875
26 0.659375 0.45390625 0.09375 0.0671875
6 0.390625 0.46640625 0.065625 0.05625