5 0.48671875 0.55859375 0.090625 0.1125
14 0.4390625 0.60078125 0.1078125 0.10625
26 0.68203125 0.6140625 0.1171875 0.078125
17 0.54765625 0.621875 0.0828125 0.046875
19 0.5109375 0.8640625 0.1109375 0.1046875
11 0.41484375 0.884375 0.0828125 0.0828125
12 0.67890625 0.878125 0.1390625 0.1
5 0.6875 0.18671875 0.08125 0.1078125
7 0.42734375 0.21640625 0.1671875 0.0625
13 0.56015625 0.39140625 0.075 0.1453125
18 0.44375 0.4453125 0.1578125 0.0859375
22 0.5421875 0.459375 0.1265625 0.0671875
8 0.6640625 0.45703125 0.1296875 0.0609375