26 0.58125 0.46640625 0.0734375 0.034375
5 0.46484375 0.5515625 0.0984375 0.103125
25 0.56640625 0.575 0.1140625 0.09375
3 0.67578125 0.5765625 0.0640625 0.06875
28 0.46484375 0.60390625 0.1921875 0.1109375
23 0.6359375 0.60859375 0.0953125 0.0515625
13 0.68984375 0.8140625 0.06875 0.1453125
20 0.61796875 0.83828125 0.071875 0.134375
16 0.45234375 0.846875 0.0921875 0.08125
13 0.7203125 0.8484375 0.0765625 0.18125
1 0.703125 0.90546875 0.1375 0.1265625
21 0.4390625 0.92421875 0.134375 0.1265625
12 0.553125 0.92109375 0.096875 0.0828125
18 0.38203125 0.16015625 0.134375 0.1921875
20 0.5015625 0.17578125 0.0859375 0.14375
15 0.59921875 0.18671875 0.103125 0.096875
6 0.68671875 0.21171875 0.0625 0.0484375
7 0.68125 0.4109375 0.1109375 0.15
10 0.384375 0.440625 0.04375 0.1203125
19 0.540625 0.43203125 0.0796875 0.0765625
0 0.45390625 0.45546875 0.10625 0.0765625
26 0.65859375 0.45234375 0.0875 0.0765625