17 0.390625 0.4671875 0.0921875 0.0328125
20 0.6578125 0.5671875 0.071875 0.1296875
14 0.465625 0.5890625 0.096875 0.0921875
5 0.39375 0.5890625 0.075 0.1328125
22 0.56875 0.6078125 0.109375 0.09375
25 0.6234375 0.828125 0.1 0.096875
12 0.41875 0.8875 0.1234375 0.0953125
18 0.528125 0.8921875 0.1765625 0.1390625
26 0.665625 0.896875 0.1421875 0.109375
20 0.5578125 0.1828125 0.0734375 0.1203125
28 0.6578125 0.196875 0.1453125 0.08125
19 0.409375 0.20625 0.10625 0.08125
3 0.4296875 0.446875 0.0484375 0.0609375
16 0.6546875 0.4484375 0.1015625 0.0625
21 0.509375 0.45 0.1375 0.065625