5 0.47578125 0.56015625 0.0890625 0.1234375
16 0.55546875 0.60703125 0.1203125 0.0921875
1 0.40546875 0.6015625 0.109375 0.0859375
19 0.4859375 0.8625 0.1140625 0.0984375
11 0.38671875 0.87578125 0.0828125 0.0796875
12 0.65390625 0.88828125 0.1390625 0.0984375
20 0.43046875 0.17265625 0.071875 0.13125
5 0.7078125 0.19921875 0.0953125 0.103125
22 0.53046875 0.21484375 0.115625 0.0671875
13 0.5625 0.40078125 0.075 0.1546875
18 0.440625 0.44609375 0.1859375 0.0953125
3 0.6515625 0.46015625 0.0515625 0.0625