26 0.66328125 0.46875 0.175 0.0578125
1 0.4515625 0.59140625 0.1078125 0.10625
28 0.665625 0.6046875 0.1359375 0.09375
22 0.5375 0.60703125 0.1046875 0.090625
15 0.65625 0.8640625 0.096875 0.0953125
16 0.484375 0.86875 0.1 0.075
3 0.553125 0.87890625 0.05625 0.05625
25 0.40234375 0.8984375 0.1078125 0.125
8 0.5765625 0.9375 0.165625 0.06875
18 0.41640625 0.184375 0.1734375 0.1125
6 0.6296875 0.21796875 0.071875 0.0515625
11 0.7 0.225 0.084375 0.0375
17 0.55 0.22734375 0.08125 0.0359375
20 0.5359375 0.41328125 0.084375 0.1296875
10 0.40625 0.415625 0.0421875 0.0890625
27 0.42734375 0.453125 0.08125 0.059375