20 0.66171875 0.5671875 0.0734375 0.1328125
5 0.384375 0.57578125 0.0859375 0.1203125
17 0.55234375 0.62109375 0.075 0.05
13 0.58515625 0.8078125 0.0609375 0.1453125
10 0.3765625 0.83984375 0.0359375 0.1
12 0.55546875 0.90234375 0.1765625 0.08125
16 0.39921875 0.9203125 0.109375 0.121875
5 0.39453125 0.1703125 0.10625 0.14375
25 0.49921875 0.2015625 0.128125 0.078125
0 0.5828125 0.2125 0.184375 0.0734375
22 0.6875 0.2203125 0.06875 0.053125
19 0.42421875 0.4453125 0.0890625 0.0828125
11 0.62890625 0.45703125 0.13125 0.0453125
26 0.52578125 0.45859375 0.13125 0.065625