23 0.703125 0.4578125 0.0921875 0.0578125
4 0.659375 0.58984375 0.0859375 0.059375
27 0.52734375 0.596875 0.0890625 0.0671875
13 0.42578125 0.60546875 0.0671875 0.0984375
18 0.6328125 0.7984375 0.1734375 0.1140625
16 0.4375 0.89296875 0.0984375 0.090625
12 0.68359375 0.8921875 0.146875 0.1125
17 0.565625 0.909375 0.109375 0.0796875
22 0.61484375 0.2140625 0.0953125 0.05625
11 0.41640625 0.22578125 0.0953125 0.04375
26 0.521875 0.225 0.134375 0.040625
20 0.428125 0.41640625 0.084375 0.128125
8 0.57890625 0.45703125 0.128125 0.0578125