1 0.4453125 0.5921875 0.115625 0.103125
28 0.65859375 0.61171875 0.1390625 0.1
22 0.53203125 0.6078125 0.1078125 0.0890625
15 0.64921875 0.87109375 0.103125 0.121875
16 0.4671875 0.8625 0.1015625 0.078125
25 0.38828125 0.89609375 0.1203125 0.13125
18 0.43046875 0.18203125 0.16875 0.121875
6 0.63984375 0.22421875 0.078125 0.059375
11 0.7078125 0.23046875 0.090625 0.0390625
17 0.55625 0.23203125 0.0921875 0.03125
10 0.409375 0.4140625 0.0453125 0.103125
19 0.559375 0.4421875 0.0921875 0.084375
0 0.64453125 0.4609375 0.1046875 0.0765625
27 0.44140625 0.4515625 0.0875 0.0625