15 0.4078125 0.578125 0.0984375 0.109375
18 0.509375 0.59375 0.175 0.0875
7 0.66484375 0.60703125 0.1578125 0.0953125
14 0.5328125 0.8578125 0.13125 0.0875
0 0.64375 0.86953125 0.109375 0.0859375
16 0.42109375 0.87578125 0.11875 0.1
21 0.69453125 0.93515625 0.0859375 0.09375
21 0.60546875 0.93359375 0.0703125 0.1015625
26 0.43515625 0.21796875 0.1390625 0.05
23 0.5578125 0.2234375 0.09375 0.0421875
19 0.4078125 0.4484375 0.1 0.0828125
22 0.5453125 0.453125 0.1421875 0.0796875
11 0.665625 0.46796875 0.121875 0.05625