23 0.70546875 0.47265625 0.090625 0.0546875
4 0.653125 0.60078125 0.084375 0.05625
27 0.5203125 0.5984375 0.0875 0.0640625
13 0.41875 0.6 0.0640625 0.096875
18 0.61171875 0.80703125 0.1703125 0.1078125
16 0.41015625 0.8875 0.0953125 0.0875
12 0.65546875 0.9046875 0.14375 0.1078125
17 0.53671875 0.91328125 0.1078125 0.0765625
22 0.634375 0.22265625 0.09375 0.053125
11 0.4359375 0.22109375 0.09375 0.040625
26 0.540625 0.22734375 0.1328125 0.0359375
20 0.434375 0.41171875 0.0796875 0.125
8 0.58203125 0.4625 0.1265625 0.053125