2 0.44609375 0.475 0.1578125 0.0375
21 0.671875 0.6 0.1171875 0.0953125
14 0.56171875 0.60234375 0.103125 0.078125
27 0.44921875 0.603125 0.090625 0.0609375
19 0.5109375 0.85390625 0.0953125 0.0984375
7 0.63671875 0.875 0.1640625 0.10625
24 0.41796875 0.87109375 0.0921875 0.090625
5 0.7109375 0.19609375 0.1171875 0.1140625
17 0.609375 0.23359375 0.1203125 0.0296875
10 0.66796875 0.42578125 0.0421875 0.10625
16 0.47578125 0.43828125 0.1234375 0.071875
3 0.5578125 0.45234375 0.0546875 0.071875
18 0.640625 0.459375 0.2 0.075