9 0.5265625 0.46875 0.1453125 0.0328125
28 0.65 0.5859375 0.1375 0.0890625
27 0.4171875 0.6015625 0.0765625 0.0671875
16 0.5328125 0.603125 0.10625 0.0796875
13 0.5640625 0.8265625 0.0703125 0.16875
5 0.425 0.859375 0.09375 0.1546875
0 0.653125 0.8625 0.1203125 0.090625
1 0.5296875 0.909375 0.15 0.0765625
13 0.6546875 0.16875 0.0609375 0.153125
20 0.396875 0.175 0.065625 0.128125
26 0.4984375 0.2203125 0.14375 0.053125
21 0.6921875 0.45 0.0796875 0.075
19 0.40625 0.45 0.0921875 0.08125
21 0.6234375 0.4515625 0.0515625 0.05