0 0.559375 0.59921875 0.1359375 0.09375
29 0.67578125 0.6140625 0.146875 0.078125
8 0.43203125 0.60546875 0.128125 0.075
12 0.57265625 0.8890625 0.1421875 0.1078125
7 0.42421875 0.88515625 0.14375 0.125
2 0.675 0.9046875 0.090625 0.0875
10 0.721875 0.196875 0.046875 0.1046875
19 0.43359375 0.20390625 0.1078125 0.06875
3 0.66328125 0.21953125 0.0578125 0.059375
27 0.55859375 0.2203125 0.0671875 0.0515625
28 0.69296875 0.44765625 0.1328125 0.0953125
24 0.5609375 0.45078125 0.11875 0.0609375
4 0.45 0.4546875 0.1078125 0.0515625