27 0.45 0.59140625 0.084375 0.0515625
21 0.6734375 0.5921875 0.1125 0.0921875
14 0.5671875 0.59765625 0.0953125 0.078125
2 0.44921875 0.63671875 0.1609375 0.0375
12 0.621875 0.86328125 0.1796875 0.0828125
24 0.465625 0.86953125 0.109375 0.0796875
5 0.69140625 0.1890625 0.1109375 0.1109375
16 0.45 0.21171875 0.121875 0.0671875
17 0.5984375 0.2296875 0.11875 0.0265625
10 0.6640625 0.41875 0.040625 0.1046875
3 0.55390625 0.44453125 0.053125 0.0703125
18 0.63359375 0.45078125 0.19375 0.0703125
1 0.44765625 0.45546875 0.1421875 0.0625