15 0.4046875 0.5828125 0.0953125 0.0984375
25 0.5078125 0.59375 0.115625 0.1
27 0.62265625 0.6078125 0.0984375 0.0625
1 0.40546875 0.871875 0.1 0.084375
11 0.66796875 0.8859375 0.1015625 0.0859375
26 0.48828125 0.890625 0.084375 0.09375
26 0.590625 0.9015625 0.0609375 0.0796875
20 0.70703125 0.17890625 0.09375 0.1375
17 0.5171875 0.22734375 0.084375 0.0296875
28 0.42890625 0.43984375 0.1578125 0.0890625
6 0.6359375 0.4578125 0.0671875 0.05625
23 0.571875 0.46015625 0.0765625 0.046875
3 0.6921875 0.46484375 0.053125 0.0671875