26 0.5765625 0.46796875 0.075 0.0375
5 0.459375 0.56015625 0.0859375 0.115625
25 0.559375 0.5640625 0.1171875 0.075
3 0.6828125 0.58125 0.053125 0.0640625
28 0.60546875 0.59609375 0.1828125 0.10625
14 0.44609375 0.6109375 0.1421875 0.09375
13 0.690625 0.8203125 0.0703125 0.16875
16 0.4484375 0.8546875 0.1078125 0.0890625
13 0.7234375 0.8453125 0.0796875 0.184375
20 0.6296875 0.8578125 0.0921875 0.1359375
8 0.5390625 0.9125 0.1375 0.125
11 0.42890625 0.9296875 0.0984375 0.0859375
1 0.703125 0.91640625 0.140625 0.1125
18 0.37265625 0.1640625 0.121875 0.1890625
20 0.66875 0.165625 0.071875 0.1203125
15 0.59375 0.17421875 0.0765625 0.053125
10 0.7 0.1734375 0.05 0.1171875
21 0.5921875 0.20390625 0.1734375 0.0875
22 0.46953125 0.215625 0.096875 0.0546875
7 0.678125 0.4078125 0.115625 0.15
19 0.5421875 0.43203125 0.0828125 0.0734375
0 0.43203125 0.45 0.1234375 0.06875
26 0.66015625 0.44921875 0.0953125 0.071875
6 0.38515625 0.465625 0.0734375 0.0625
23 0.4734375 0.465625 0.0921875 0.0484375