28 0.6640625 0.60625 0.1390625 0.09375
22 0.5375 0.60546875 0.1078125 0.09375
23 0.41015625 0.61875 0.08125 0.0421875
18 0.6828125 0.853125 0.1078125 0.2234375
14 0.6 0.865625 0.1015625 0.0953125
9 0.43203125 0.90703125 0.1203125 0.0796875
27 0.5578125 0.21015625 0.05625 0.05
6 0.6453125 0.21640625 0.06875 0.0453125
11 0.70625 0.22734375 0.084375 0.04375
10 0.6609375 0.4125 0.0421875 0.071875
25 0.43125 0.425 0.125 0.0734375
7 0.68515625 0.4484375 0.1265625 0.0921875
26 0.57734375 0.4578125 0.1265625 0.0609375
21 0.43046875 0.4578125 0.1703125 0.084375