7 0.59296875 0.5515625 0.1609375 0.08125
14 0.3765625 0.59296875 0.103125 0.0953125
18 0.5875 0.5890625 0.153125 0.0921875
9 0.4734375 0.60234375 0.1 0.084375
15 0.3640625 0.87109375 0.0859375 0.1
23 0.475 0.87109375 0.090625 0.0640625
8 0.6203125 0.87421875 0.14375 0.096875
10 0.45390625 0.19453125 0.040625 0.103125
19 0.35390625 0.20703125 0.1 0.078125
22 0.525 0.21015625 0.109375 0.0734375
1 0.6109375 0.21171875 0.0921875 0.0625
28 0.3796875 0.42109375 0.146875 0.084375
25 0.62890625 0.44765625 0.1265625 0.0921875
17 0.48984375 0.45625 0.0921875 0.040625