5 0.440625 0.55703125 0.10625 0.1203125
28 0.66875 0.59765625 0.1328125 0.09375
14 0.41328125 0.609375 0.1234375 0.1
26 0.53515625 0.61171875 0.1484375 0.0828125
1 0.70078125 0.86796875 0.121875 0.128125
9 0.4546875 0.90625 0.125 0.09375
3 0.6015625 0.9109375 0.0578125 0.0734375
19 0.39453125 0.2046875 0.109375 0.0859375
27 0.54765625 0.209375 0.071875 0.053125
17 0.671875 0.2265625 0.0890625 0.0265625
22 0.52421875 0.44296875 0.0890625 0.0796875
25 0.59375 0.4484375 0.1125 0.0859375
11 0.66875 0.446875 0.1078125 0.05
12 0.41640625 0.46875 0.1265625 0.059375