15 0.5046875 0.5875 0.096875 0.1
14 0.40703125 0.609375 0.1046875 0.103125
1 0.60078125 0.6125 0.1171875 0.071875
11 0.6546875 0.86484375 0.040625 0.0390625
11 0.71328125 0.87421875 0.059375 0.078125
0 0.58359375 0.88828125 0.071875 0.103125
18 0.4640625 0.8984375 0.1875 0.15625
0 0.675 0.9015625 0.0640625 0.06875
28 0.66484375 0.1953125 0.15 0.0859375
23 0.3921875 0.22890625 0.0859375 0.0375
17 0.4984375 0.2296875 0.096875 0.040625
19 0.41171875 0.434375 0.0875 0.06875
8 0.54375 0.453125 0.1265625 0.0484375
27 0.61875 0.45234375 0.0734375 0.0578125
26 0.3953125 0.46796875 0.11875 0.078125