28 0.6484375 0.58671875 0.14375 0.0984375
25 0.425 0.5921875 0.1109375 0.09375
16 0.521875 0.5984375 0.1140625 0.075
13 0.56640625 0.82421875 0.0734375 0.165625
5 0.43125 0.8640625 0.0984375 0.146875
0 0.6625 0.8640625 0.1125 0.096875
13 0.646875 0.15859375 0.0625 0.1421875
20 0.39140625 0.1765625 0.0703125 0.1296875
1 0.65625 0.2125 0.140625 0.0609375
26 0.496875 0.21875 0.1484375 0.05625
21 0.69140625 0.4453125 0.0765625 0.078125
21 0.62265625 0.44765625 0.053125 0.0484375
27 0.41015625 0.453125 0.059375 0.0640625
9 0.53984375 0.46328125 0.1640625 0.040625