17 0.39296875 0.4671875 0.0859375 0.04375
20 0.65859375 0.56875 0.0734375 0.13125
14 0.4671875 0.58515625 0.090625 0.0796875
5 0.3875 0.584375 0.0875 0.1125
22 0.56875 0.6109375 0.1125 0.0953125
25 0.61640625 0.83203125 0.1015625 0.1015625
12 0.41796875 0.8859375 0.1375 0.1
18 0.52109375 0.89140625 0.1875 0.1453125
26 0.66484375 0.9015625 0.1421875 0.115625
20 0.56328125 0.18359375 0.078125 0.1203125
19 0.41796875 0.203125 0.11875 0.0828125
28 0.67109375 0.2078125 0.140625 0.0953125
3 0.43203125 0.446875 0.05 0.0609375
21 0.51015625 0.4515625 0.15 0.0734375
16 0.65390625 0.45390625 0.1078125 0.0625