15 0.5046875 0.5875 0.0984375 0.096875
14 0.41171875 0.60625 0.0859375 0.1015625
1 0.60078125 0.6140625 0.121875 0.075
11 0.6546875 0.86484375 0.0359375 0.0375
11 0.71640625 0.87734375 0.0609375 0.078125
0 0.58671875 0.884375 0.071875 0.1015625
18 0.4625 0.8953125 0.1828125 0.1578125
0 0.678125 0.903125 0.059375 0.0703125
26 0.59453125 0.21875 0.1078125 0.046875
23 0.39375 0.22734375 0.084375 0.04375
17 0.503125 0.2296875 0.0875 0.034375
22 0.4390625 0.45078125 0.19375 0.0875
8 0.55625 0.44765625 0.0859375 0.040625
27 0.6203125 0.45234375 0.0671875 0.053125