2 0.54921875 0.47421875 0.109375 0.03125
19 0.69375 0.5984375 0.0875 0.08125
27 0.45 0.60234375 0.096875 0.05625
29 0.596875 0.6109375 0.1078125 0.053125
20 0.69609375 0.83125 0.065625 0.1390625
5 0.40625 0.84375 0.0640625 0.11875
7 0.509375 0.865625 0.1390625 0.09375
26 0.63125 0.87890625 0.0828125 0.1015625
14 0.47890625 0.20546875 0.109375 0.06875
16 0.6953125 0.2171875 0.096875 0.0546875
22 0.5625 0.21484375 0.0875 0.0546875
13 0.475 0.39609375 0.05625 0.1515625
25 0.66953125 0.4375 0.1046875 0.0796875
3 0.59296875 0.4453125 0.046875 0.0609375
4 0.44453125 0.45234375 0.0703125 0.0515625