0 0.425 0.58828125 0.1203125 0.0734375
24 0.5171875 0.61328125 0.121875 0.0765625
29 0.6625 0.62734375 0.13125 0.0765625
7 0.6171875 0.865625 0.1046875 0.125
27 0.41171875 0.86796875 0.090625 0.0671875
19 0.53984375 0.87734375 0.084375 0.08125
20 0.70234375 0.18515625 0.0828125 0.140625
22 0.51484375 0.21171875 0.146875 0.071875
4 0.41640625 0.2109375 0.078125 0.05
18 0.4328125 0.40859375 0.1328125 0.1484375
10 0.5234375 0.41640625 0.05 0.096875
15 0.6734375 0.440625 0.128125 0.1078125
21 0.5609375 0.4484375 0.15625 0.0796875