20 0.678125 0.5640625 0.0734375 0.13125
14 0.4421875 0.5828125 0.0953125 0.0875
25 0.5578125 0.5859375 0.10625 0.0921875
13 0.60625 0.80625 0.0625 0.1390625
3 0.403125 0.86875 0.046875 0.0671875
10 0.4171875 0.890625 0.0375 0.1078125
28 0.596875 0.921875 0.1484375 0.11875
27 0.6453125 0.209375 0.059375 0.05
23 0.5046875 0.221875 0.0953125 0.034375
5 0.4265625 0.421875 0.109375 0.1359375
19 0.5328125 0.4453125 0.0890625 0.078125
21 0.6921875 0.45 0.0765625 0.0703125
21 0.61875 0.4546875 0.0484375 0.0546875