9 0.66328125 0.47265625 0.16875 0.046875
23 0.40390625 0.4671875 0.0859375 0.0515625
27 0.51875 0.59765625 0.09375 0.0640625
28 0.66171875 0.61015625 0.1359375 0.0921875
16 0.66328125 0.8828125 0.1109375 0.0984375
11 0.48984375 0.8828125 0.0984375 0.090625
26 0.40390625 0.88125 0.128125 0.128125
21 0.5640625 0.90859375 0.1328125 0.1578125
20 0.690625 0.184375 0.0875 0.1234375
19 0.46640625 0.203125 0.109375 0.08125
22 0.58828125 0.2171875 0.1078125 0.06875
7 0.46796875 0.43984375 0.184375 0.078125