20 0.68046875 0.5578125 0.078125 0.134375
5 0.4046875 0.584375 0.1125 0.1125
19 0.546875 0.5890625 0.1015625 0.0859375
13 0.615625 0.81015625 0.065625 0.1578125
3 0.41640625 0.871875 0.0484375 0.0671875
10 0.43125 0.89296875 0.0421875 0.109375
27 0.590625 0.909375 0.0921875 0.0875
28 0.63671875 0.1984375 0.146875 0.0859375
23 0.503125 0.2234375 0.09375 0.0390625
5 0.428125 0.41953125 0.1109375 0.134375
14 0.546875 0.4453125 0.1125 0.1
21 0.6921875 0.44296875 0.0890625 0.0703125
21 0.6203125 0.45078125 0.05 0.05625