14 0.684375 0.6 0.1 0.0953125
1 0.58984375 0.61875 0.1171875 0.08125
9 0.43671875 0.62109375 0.1359375 0.05625
11 0.62734375 0.875 0.0390625 0.0421875
11 0.68984375 0.88984375 0.0625 0.0796875
0 0.56015625 0.88671875 0.0703125 0.10625
18 0.4375 0.8953125 0.18125 0.1484375
0 0.646875 0.91640625 0.059375 0.0671875
15 0.70546875 0.20390625 0.0953125 0.09375
26 0.6140625 0.22578125 0.109375 0.0421875
23 0.4109375 0.2203125 0.0890625 0.0390625
17 0.51875 0.22578125 0.0859375 0.03125
28 0.44375 0.44453125 0.1859375 0.0875
27 0.6234375 0.46015625 0.0703125 0.059375