15 0.4109375 0.584375 0.0953125 0.096875
25 0.5140625 0.5921875 0.1125 0.0984375
27 0.6265625 0.60390625 0.096875 0.0625
11 0.6359375 0.87421875 0.0390625 0.0359375
11 0.69453125 0.8859375 0.0625 0.08125
22 0.42421875 0.8828125 0.1203125 0.0828125
0 0.56328125 0.88984375 0.065625 0.103125
0 0.65703125 0.9109375 0.059375 0.06875
28 0.68515625 0.203125 0.153125 0.0828125
23 0.4078125 0.221875 0.084375 0.0328125
17 0.5171875 0.228125 0.0953125 0.040625
19 0.41484375 0.4375 0.0890625 0.0921875
6 0.62265625 0.45546875 0.0671875 0.0578125
3 0.69453125 0.459375 0.0546875 0.0671875
16 0.52109375 0.4640625 0.103125 0.06875