28 0.459375 0.590625 0.1296875 0.0828125
29 0.69296875 0.59921875 0.1109375 0.0515625
7 0.60859375 0.83046875 0.125 0.1109375
5 0.5140625 0.8625 0.090625 0.1296875
24 0.43984375 0.88515625 0.096875 0.0890625
11 0.69375 0.8984375 0.0625 0.0765625
11 0.5859375 0.90625 0.0453125 0.0453125
16 0.51328125 0.21015625 0.1296875 0.0625
4 0.40859375 0.2171875 0.0765625 0.0484375
17 0.6828125 0.2203125 0.1171875 0.0375
13 0.65234375 0.39140625 0.071875 0.15
15 0.69140625 0.43046875 0.1046875 0.096875
22 0.56015625 0.44140625 0.103125 0.06875
8 0.45 0.45625 0.13125 0.053125