27 0.515625 0.596875 0.09375 0.0609375
4 0.653125 0.5984375 0.0828125 0.05625
13 0.4171875 0.6 0.0640625 0.0921875
18 0.4578125 0.8015625 0.1453125 0.14375
17 0.6609375 0.8578125 0.084375 0.065625
12 0.5515625 0.8859375 0.14375 0.1046875
16 0.4125 0.89375 0.0875 0.0859375
25 0.425 0.1984375 0.121875 0.090625
22 0.58125 0.209375 0.1109375 0.06875
23 0.6953125 0.21875 0.1046875 0.05
26 0.4453125 0.228125 0.159375 0.028125
20 0.5828125 0.4453125 0.140625 0.078125
11 0.68125 0.45625 0.11875 0.0578125
8 0.453125 0.4625 0.128125 0.0515625