20 0.66328125 0.565625 0.075 0.134375
5 0.3765625 0.58046875 0.0828125 0.1234375
9 0.57265625 0.61875 0.1671875 0.065625
17 0.45703125 0.63046875 0.090625 0.0609375
13 0.58984375 0.81875 0.0609375 0.1625
10 0.378125 0.84140625 0.0359375 0.1
15 0.4578125 0.84921875 0.1265625 0.0890625
16 0.40390625 0.91875 0.1046875 0.1109375
0 0.57265625 0.925 0.1171875 0.0921875
5 0.38671875 0.16796875 0.125 0.146875
19 0.62578125 0.20859375 0.1078125 0.0640625
20 0.66875 0.4234375 0.078125 0.1265625
21 0.47421875 0.43984375 0.1578125 0.075