17 0.3921875 0.46328125 0.0875 0.0390625
20 0.62578125 0.5703125 0.0765625 0.134375
5 0.3828125 0.58671875 0.0859375 0.125
14 0.4640625 0.590625 0.09375 0.096875
22 0.56484375 0.61015625 0.10625 0.0890625
25 0.61171875 0.82734375 0.10625 0.0921875
12 0.40859375 0.884375 0.1328125 0.103125
18 0.51328125 0.89140625 0.1859375 0.14375
26 0.6546875 0.90546875 0.13125 0.1109375
20 0.56875 0.18671875 0.08125 0.1234375
28 0.67578125 0.2125 0.140625 0.08125
19 0.42421875 0.2046875 0.1140625 0.08125
10 0.403125 0.41875 0.0375 0.103125
21 0.509375 0.45 0.1421875 0.078125
16 0.6546875 0.46015625 0.109375 0.071875