27 0.4515625 0.5921875 0.084375 0.053125
21 0.675 0.5890625 0.1140625 0.09375
14 0.56875 0.59609375 0.096875 0.0796875
2 0.4515625 0.6375 0.1625 0.040625
12 0.628125 0.86171875 0.18125 0.0859375
24 0.47265625 0.8703125 0.1109375 0.08125
5 0.6859375 0.18515625 0.1125 0.1125
16 0.44453125 0.2125 0.121875 0.0703125
17 0.59375 0.228125 0.1203125 0.0296875
10 0.6625 0.41640625 0.0421875 0.10625
3 0.553125 0.44375 0.0546875 0.0703125
18 0.6328125 0.4484375 0.19375 0.0734375
1 0.446875 0.45625 0.1421875 0.0640625