12 0.6578125 0.465625 0.15 0.0515625
20 0.6578125 0.5703125 0.06875 0.1421875
5 0.384375 0.5828125 0.0890625 0.121875
15 0.4671875 0.6 0.1015625 0.0984375
1 0.5828125 0.60625 0.13125 0.0796875
3 0.6640625 0.6171875 0.0515625 0.065625
10 0.390625 0.8421875 0.0359375 0.0984375
23 0.5375 0.8875 0.0921875 0.0765625
11 0.6546875 0.9078125 0.1 0.0875
9 0.4234375 0.9359375 0.1546875 0.09375
17 0.5984375 0.9625 0.1171875 0.0671875
13 0.5125 0.1609375 0.071875 0.18125
20 0.415625 0.18125 0.08125 0.1265625
16 0.6265625 0.2171875 0.11875 0.059375
21 0.534375 0.4515625 0.0953125 0.078125
6 0.403125 0.45625 0.0625 0.053125