20 0.67578125 0.5703125 0.078125 0.134375
5 0.3984375 0.578125 0.1125 0.1125
19 0.540625 0.5921875 0.1015625 0.0859375
13 0.59375 0.8171875 0.065625 0.1578125
3 0.390625 0.86484375 0.0484375 0.0671875
10 0.40390625 0.8875 0.0421875 0.109375
27 0.5625 0.91484375 0.0921875 0.0875
28 0.65703125 0.20859375 0.146875 0.0859375
23 0.521875 0.22421875 0.09375 0.0390625
5 0.434375 0.41484375 0.1109375 0.134375
14 0.55 0.4484375 0.1125 0.1
21 0.6953125 0.45703125 0.0890625 0.0703125
21 0.6234375 0.45859375 0.05 0.05625