19 0.41796875 0.571875 0.084375 0.0875
28 0.66484375 0.60703125 0.13125 0.1
26 0.52578125 0.61328125 0.1578125 0.084375
1 0.67421875 0.8828125 0.1171875 0.134375
9 0.41875 0.90078125 0.1265625 0.084375
3 0.57578125 0.9203125 0.0609375 0.0796875
27 0.56640625 0.21484375 0.0578125 0.0515625
16 0.44453125 0.21171875 0.1296875 0.0625
6 0.65 0.225 0.075 0.0484375
11 0.7109375 0.22890625 0.084375 0.040625
25 0.434375 0.41640625 0.11875 0.0625
10 0.66796875 0.43671875 0.0484375 0.1234375
22 0.54375 0.4484375 0.0890625 0.078125
21 0.4390625 0.45703125 0.1859375 0.0734375