26 0.57890625 0.4703125 0.0703125 0.0359375
5 0.46484375 0.54921875 0.09375 0.1109375
25 0.5609375 0.57734375 0.1109375 0.0875
3 0.675 0.590625 0.053125 0.0640625
28 0.459375 0.60546875 0.1890625 0.1015625
23 0.6296875 0.61015625 0.0953125 0.046875
13 0.67734375 0.81875 0.06875 0.1453125
20 0.60625 0.8375 0.06875 0.1296875
16 0.4375 0.84453125 0.10625 0.0609375
13 0.7078125 0.84765625 0.0734375 0.175
1 0.68203125 0.9140625 0.1203125 0.1359375
21 0.421875 0.9265625 0.1265625 0.1125
12 0.5375 0.92578125 0.090625 0.0703125
18 0.3953125 0.1578125 0.1265625 0.184375
20 0.67890625 0.178125 0.059375 0.125
10 0.71328125 0.18359375 0.0453125 0.10625
15 0.60859375 0.1953125 0.096875 0.0984375
22 0.4890625 0.2140625 0.1109375 0.0640625
7 0.68125 0.4203125 0.109375 0.14375
19 0.54296875 0.43828125 0.0765625 0.078125
0 0.43359375 0.44609375 0.1203125 0.0609375
26 0.66328125 0.4546875 0.09375 0.065625
6 0.38984375 0.4625 0.0625 0.059375