2 0.49609375 0.46875 0.1328125 0.0390625
5 0.44921875 0.5703125 0.084375 0.11875
29 0.55078125 0.6078125 0.1078125 0.0546875
27 0.67421875 0.6125 0.1 0.053125
20 0.675 0.8609375 0.08125 0.134375
7 0.5953125 0.86796875 0.1015625 0.1171875
26 0.4953125 0.86875 0.0984375 0.0890625
19 0.40859375 0.8703125 0.0875 0.096875
16 0.67265625 0.21328125 0.128125 0.0703125
4 0.48203125 0.21328125 0.0859375 0.0515625
13 0.41796875 0.4359375 0.0859375 0.0765625
3 0.6234375 0.44765625 0.046875 0.0609375
14 0.6921875 0.45703125 0.0890625 0.06875