20 0.66796875 0.55859375 0.075 0.1359375
5 0.390625 0.58515625 0.08125 0.109375
9 0.57734375 0.61484375 0.171875 0.0671875
17 0.465625 0.628125 0.0859375 0.04375
13 0.6078125 0.81328125 0.0703125 0.1546875
10 0.39609375 0.84609375 0.0375 0.0984375
0 0.60078125 0.9171875 0.1203125 0.096875
16 0.42265625 0.9265625 0.1171875 0.1234375
5 0.375 0.17890625 0.115625 0.1421875
22 0.64296875 0.20703125 0.1375 0.071875
20 0.665625 0.41484375 0.08125 0.1265625
1 0.4359375 0.44765625 0.1296875 0.0671875
19 0.575 0.44453125 0.0953125 0.0828125