5 0.48828125 0.56171875 0.09375 0.115625
23 0.41171875 0.61875 0.0875 0.059375
26 0.68203125 0.6140625 0.1234375 0.0765625
17 0.55390625 0.6203125 0.09375 0.05
11 0.42109375 0.8828125 0.1 0.0828125
12 0.67890625 0.878125 0.1359375 0.1
1 0.5671875 0.90234375 0.140625 0.090625
5 0.6921875 0.18359375 0.0828125 0.103125
7 0.43125 0.22265625 0.1765625 0.0578125
13 0.56015625 0.38984375 0.071875 0.1484375
18 0.45234375 0.44375 0.171875 0.0921875
22 0.5421875 0.459375 0.128125 0.0703125
8 0.6640625 0.45546875 0.1296875 0.0625