26 0.66328125 0.4625 0.1796875 0.0609375
1 0.4546875 0.58984375 0.0984375 0.1015625
28 0.6703125 0.6 0.1296875 0.0953125
22 0.540625 0.60390625 0.103125 0.0828125
3 0.39921875 0.6171875 0.0546875 0.0703125
15 0.66875 0.85625 0.0890625 0.1140625
16 0.4921875 0.8671875 0.1015625 0.0609375
25 0.41171875 0.8984375 0.125 0.11875
9 0.5734375 0.9421875 0.15 0.09375
18 0.40546875 0.1875 0.1734375 0.1234375
6 0.61875 0.21171875 0.065625 0.0578125
11 0.6859375 0.2203125 0.096875 0.0484375
17 0.540625 0.22890625 0.096875 0.0390625
10 0.3984375 0.4078125 0.0390625 0.0796875
20 0.53125 0.41171875 0.0765625 0.1328125
27 0.42734375 0.45625 0.084375 0.05625