0 0.4328125 0.59765625 0.121875 0.0765625
19 0.55 0.59296875 0.090625 0.075
29 0.67578125 0.60625 0.134375 0.075
25 0.6765625 0.85546875 0.109375 0.1125
24 0.56015625 0.87578125 0.109375 0.084375
7 0.4484375 0.8953125 0.125 0.115625
20 0.6671875 0.1640625 0.0828125 0.1453125
4 0.38515625 0.22109375 0.0796875 0.05
22 0.48515625 0.21875 0.1421875 0.05625
18 0.4203125 0.41328125 0.1296875 0.1546875
10 0.515625 0.41640625 0.046875 0.103125
15 0.66171875 0.42265625 0.1234375 0.109375
21 0.5546875 0.4421875 0.159375 0.0828125