23 0.57578125 0.471875 0.1 0.04375
5 0.43984375 0.56015625 0.1125 0.1109375
28 0.6734375 0.6015625 0.13125 0.0921875
14 0.415625 0.609375 0.1171875 0.1
26 0.53671875 0.61171875 0.15 0.0734375
1 0.69375 0.8765625 0.1125 0.1234375
9 0.44765625 0.90859375 0.121875 0.0890625
3 0.59453125 0.9140625 0.059375 0.08125
19 0.40078125 0.2015625 0.090625 0.0875
27 0.5546875 0.21015625 0.0671875 0.0515625
17 0.6796875 0.2265625 0.0828125 0.0234375
6 0.61171875 0.43828125 0.06875 0.034375
22 0.53515625 0.44140625 0.1 0.075
11 0.65078125 0.45390625 0.134375 0.053125
12 0.42109375 0.4625 0.128125 0.0546875