28 0.528125 0.584375 0.165625 0.0828125
29 0.6890625 0.60625 0.109375 0.0484375
7 0.596875 0.834375 0.121875 0.10625
5 0.5015625 0.8625 0.0859375 0.1265625
24 0.4265625 0.8828125 0.09375 0.0859375
14 0.634375 0.8921875 0.0984375 0.075
16 0.5234375 0.2109375 0.128125 0.0578125
4 0.41875 0.2140625 0.075 0.0453125
17 0.6921875 0.2265625 0.115625 0.0328125
13 0.65625 0.396875 0.0671875 0.1484375
22 0.440625 0.4515625 0.1015625 0.065625
27 0.70625 0.4546875 0.090625 0.0546875
8 0.5625 0.4609375 0.1296875 0.0484375