20 0.6640625 0.5640625 0.0703125 0.13125
5 0.3953125 0.58125 0.084375 0.1046875
17 0.5671875 0.6140625 0.0828125 0.046875
13 0.59375 0.809375 0.0625 0.1484375
10 0.384375 0.8421875 0.034375 0.1
12 0.5640625 0.9015625 0.1734375 0.078125
16 0.4109375 0.91875 0.109375 0.1109375
5 0.3875 0.1734375 0.0984375 0.1484375
25 0.4953125 0.203125 0.1265625 0.0796875
22 0.653125 0.2125 0.1296875 0.06875
19 0.4203125 0.4453125 0.09375 0.0734375
11 0.6265625 0.453125 0.128125 0.0390625
26 0.525 0.459375 0.13125 0.0625