3 0.6015625 0.5734375 0.0484375 0.059375
7 0.521875 0.5984375 0.1453125 0.08125
2 0.6640625 0.60625 0.08125 0.0484375
20 0.54296875 0.83046875 0.0703125 0.1375
22 0.6390625 0.85703125 0.1171875 0.0875
5 0.43515625 0.8828125 0.1015625 0.115625
20 0.50703125 0.1765625 0.0828125 0.1390625
19 0.69296875 0.2046875 0.09375 0.0625
26 0.4078125 0.2171875 0.078125 0.05
11 0.5953125 0.2203125 0.09375 0.046875
0 0.43515625 0.44921875 0.1234375 0.0703125
24 0.67578125 0.45 0.09375 0.05625
8 0.56171875 0.46015625 0.1265625 0.053125