2 0.54765625 0.47265625 0.109375 0.03125
27 0.453125 0.60390625 0.096875 0.05625
22 0.61875 0.60234375 0.0984375 0.0640625
20 0.70703125 0.82421875 0.065625 0.1390625
5 0.41875 0.846875 0.0640625 0.11875
7 0.521875 0.865625 0.1390625 0.09375
26 0.64375 0.87421875 0.0828125 0.1015625
16 0.6859375 0.2109375 0.096875 0.0546875
17 0.5875 0.225 0.1015625 0.0328125
13 0.471875 0.39765625 0.05625 0.1515625
25 0.67265625 0.4359375 0.115625 0.0890625
3 0.59140625 0.4421875 0.046875 0.0609375
4 0.44296875 0.45390625 0.0703125 0.0515625