5 0.4390625 0.55625 0.1046875 0.1078125
28 0.6671875 0.603125 0.1296875 0.0921875
14 0.4109375 0.603125 0.109375 0.0921875
26 0.53125 0.609375 0.1484375 0.0765625
1 0.684375 0.8765625 0.1078125 0.121875
9 0.4375 0.9046875 0.121875 0.084375
3 0.5859375 0.915625 0.053125 0.075
19 0.4046875 0.2 0.09375 0.078125
27 0.5578125 0.2109375 0.0671875 0.053125
17 0.6859375 0.2296875 0.078125 0.03125
5 0.4234375 0.434375 0.1 0.1109375
10 0.6765625 0.434375 0.0546875 0.1171875
6 0.6109375 0.4375 0.065625 0.028125
22 0.5328125 0.4421875 0.103125 0.0796875
11 0.6546875 0.45625 0.1390625 0.0453125