20 0.66171875 0.56953125 0.0765625 0.1359375
5 0.384375 0.58046875 0.1046875 0.1234375
17 0.56328125 0.61640625 0.0859375 0.0515625
13 0.5828125 0.8125 0.065625 0.1484375
10 0.37265625 0.83984375 0.0375 0.1046875
12 0.55 0.90078125 0.1796875 0.08125
16 0.38984375 0.91796875 0.11875 0.125
5 0.39765625 0.17265625 0.1109375 0.1515625
25 0.50390625 0.203125 0.134375 0.08125
0 0.58671875 0.215625 0.065625 0.06875
22 0.66796875 0.21953125 0.1203125 0.06875
19 0.42734375 0.44296875 0.0890625 0.0796875
11 0.63125 0.4609375 0.1328125 0.0484375
26 0.5265625 0.45859375 0.134375 0.0671875