2 0.55 0.47578125 0.0875 0.034375
5 0.44765625 0.56953125 0.0859375 0.1203125
29 0.54921875 0.60859375 0.109375 0.0578125
27 0.67265625 0.615625 0.1015625 0.0546875
20 0.66875 0.8640625 0.0828125 0.134375
7 0.58828125 0.86953125 0.103125 0.11875
26 0.48828125 0.86875 0.1 0.090625
19 0.40234375 0.86875 0.0890625 0.0984375
14 0.4890625 0.20546875 0.1109375 0.0734375
16 0.70546875 0.22421875 0.0984375 0.0578125
22 0.57265625 0.2171875 0.0890625 0.0578125
13 0.63046875 0.40390625 0.0609375 0.153125
3 0.67890625 0.453125 0.0484375 0.0609375
4 0.44609375 0.45 0.071875 0.053125