25 0.5578125 0.575 0.115625 0.09375
9 0.38125 0.5765625 0.0390625 0.1453125
1 0.45625 0.584375 0.121875 0.06875
14 0.6734375 0.5984375 0.1078125 0.0953125
23 0.453125 0.625 0.0875 0.0546875
13 0.6125 0.81875 0.065625 0.1546875
13 0.6765625 0.8203125 0.0578125 0.1578125
7 0.4359375 0.8671875 0.1296875 0.1078125
17 0.54375 0.871875 0.0734375 0.065625
0 0.6609375 0.890625 0.1296875 0.084375
15 0.6921875 0.1953125 0.0921875 0.0890625
26 0.6046875 0.21875 0.109375 0.0515625
28 0.4453125 0.4515625 0.1828125 0.0875
27 0.625 0.45625 0.0703125 0.0578125