20 0.66171875 0.56953125 0.0734375 0.134375
5 0.38828125 0.57578125 0.084375 0.11875
18 0.50859375 0.6015625 0.2078125 0.10625
13 0.58125 0.81875 0.0671875 0.1609375
3 0.378125 0.86484375 0.0484375 0.06875
10 0.39140625 0.88671875 0.0421875 0.1109375
27 0.55 0.91484375 0.090625 0.0921875
5 0.40234375 0.16953125 0.1078125 0.1484375
25 0.50390625 0.2015625 0.13125 0.08125
0 0.58515625 0.2140625 0.1859375 0.075
22 0.696875 0.22578125 0.065625 0.053125
19 0.425 0.44453125 0.096875 0.078125
11 0.63125 0.459375 0.134375 0.05
26 0.5296875 0.46015625 0.1296875 0.0734375