26 0.578125 0.471875 0.0703125 0.034375
5 0.45 0.56875 0.0953125 0.1234375
25 0.55 0.5734375 0.096875 0.0890625
3 0.6765625 0.5875 0.04375 0.0609375
14 0.5984375 0.596875 0.1390625 0.0859375
17 0.4359375 0.621875 0.1125 0.0296875
6 0.7109375 0.6234375 0.075 0.0578125
13 0.671875 0.8265625 0.0609375 0.1578125
23 0.5328125 0.8296875 0.06875 0.05625
16 0.434375 0.8484375 0.0953125 0.084375
13 0.7015625 0.8515625 0.0640625 0.1703125
20 0.6125 0.8609375 0.0703125 0.1375
8 0.515625 0.90625 0.1109375 0.0796875
1 0.68125 0.91875 0.1375 0.1171875
11 0.4078125 0.9234375 0.09375 0.078125
18 0.39375 0.1578125 0.1078125 0.16875
20 0.6859375 0.1765625 0.065625 0.125
15 0.6109375 0.1796875 0.0703125 0.04375
10 0.71875 0.1859375 0.04375 0.1109375
21 0.6078125 0.2078125 0.1625 0.0796875
22 0.4890625 0.2171875 0.1015625 0.0515625
7 0.684375 0.415625 0.1015625 0.140625
0 0.434375 0.4375 0.109375 0.05625
19 0.54375 0.4375 0.0859375 0.071875
27 0.446875 0.4546875 0.0984375 0.0578125
26 0.6609375 0.4578125 0.0890625 0.0625