5 0.484375 0.5625 0.084375 0.128125
16 0.5625 0.603125 0.128125 0.0765625
23 0.409375 0.6140625 0.0875 0.0578125
26 0.678125 0.61875 0.1203125 0.071875
13 0.678125 0.840625 0.06875 0.16875
15 0.590625 0.8609375 0.0921875 0.121875
1 0.5046875 0.8765625 0.128125 0.1078125
11 0.4078125 0.8828125 0.09375 0.0859375
5 0.7 0.1890625 0.0734375 0.103125
7 0.4375 0.2140625 0.1703125 0.059375
18 0.4484375 0.440625 0.1609375 0.0828125
22 0.54375 0.459375 0.125 0.0640625
8 0.6671875 0.4609375 0.128125 0.0578125