28 0.65 0.5890625 0.1421875 0.0953125
16 0.525 0.6046875 0.1046875 0.0703125
17 0.4296875 0.609375 0.0765625 0.0546875
13 0.6078125 0.8171875 0.0625 0.1609375
3 0.403125 0.86875 0.0453125 0.0671875
20 0.5546875 0.875 0.071875 0.146875
10 0.4171875 0.890625 0.0375 0.1078125
20 0.4375 0.178125 0.0703125 0.1296875
27 0.646875 0.209375 0.05625 0.0390625
21 0.625 0.446875 0.04375 0.04375
21 0.6953125 0.4484375 0.0765625 0.0765625
19 0.428125 0.4515625 0.0953125 0.078125
7 0.5546875 0.459375 0.165625 0.0625