20 0.66796875 0.55859375 0.078125 0.1359375
5 0.390625 0.58984375 0.0921875 0.125
18 0.52109375 0.60078125 0.2125 0.1125
13 0.6046875 0.8125 0.0703125 0.1609375
10 0.39765625 0.84609375 0.0390625 0.0984375
27 0.58125 0.91015625 0.1015625 0.0921875
5 0.37265625 0.16796875 0.125 0.1484375
25 0.48359375 0.20234375 0.1359375 0.0796875
0 0.56640625 0.20859375 0.184375 0.071875
22 0.67734375 0.2125 0.0625 0.0515625
19 0.421875 0.45234375 0.0921875 0.0859375
11 0.628125 0.45 0.134375 0.0484375
26 0.5234375 0.45703125 0.1328125 0.0703125