20 0.65859375 0.5640625 0.075 0.134375
5 0.39375 0.584375 0.0828125 0.1203125
14 0.4734375 0.58828125 0.0953125 0.0953125
22 0.571875 0.60625 0.103125 0.0796875
3 0.66796875 0.6140625 0.053125 0.0671875
25 0.62734375 0.82734375 0.103125 0.1
1 0.54375 0.87578125 0.1171875 0.0984375
12 0.42421875 0.8875 0.121875 0.0984375
26 0.67578125 0.896875 0.1375 0.115625
13 0.50625 0.1578125 0.075 0.178125
20 0.41015625 0.18125 0.08125 0.1265625
15 0.61015625 0.18984375 0.1203125 0.103125
21 0.50859375 0.446875 0.14375 0.078125
16 0.65546875 0.45078125 0.10625 0.071875
6 0.40234375 0.459375 0.0640625 0.0546875