18 0.4671875 0.5578125 0.175 0.1171875
3 0.65703125 0.60703125 0.0546875 0.06875
24 0.56171875 0.60625 0.096875 0.06875
26 0.4046875 0.6125 0.0875 0.0625
19 0.5765625 0.8859375 0.1 0.0875
21 0.6703125 0.890625 0.11875 0.1328125
0 0.4125 0.88046875 0.125 0.1015625
13 0.6140625 0.17421875 0.0765625 0.1578125
25 0.7171875 0.209375 0.1328125 0.096875
28 0.4546875 0.196875 0.1375 0.090625
20 0.4328125 0.40234375 0.08125 0.1234375
27 0.66796875 0.45546875 0.0875 0.0625
8 0.54140625 0.45859375 0.165625 0.065625