28 0.646875 0.596875 0.1484375 0.096875
27 0.40859375 0.5953125 0.0765625 0.0703125
16 0.52421875 0.6015625 0.103125 0.071875
13 0.54609375 0.821875 0.075 0.153125
5 0.40625 0.85625 0.1109375 0.146875
0 0.63203125 0.8734375 0.1203125 0.0984375
1 0.5078125 0.91171875 0.1484375 0.0875
13 0.6703125 0.17890625 0.0734375 0.1578125
20 0.415625 0.1703125 0.071875 0.13125
26 0.51484375 0.2203125 0.15 0.0578125
21 0.62734375 0.4578125 0.053125 0.0546875
19 0.41015625 0.4484375 0.0953125 0.084375
22 0.54140625 0.45703125 0.146875 0.0765625