1 0.4453125 0.5828125 0.1 0.090625
28 0.66171875 0.61015625 0.1359375 0.0953125
22 0.53515625 0.60625 0.1078125 0.0890625
3 0.38671875 0.61640625 0.0515625 0.0671875
16 0.5828125 0.8671875 0.096875 0.096875
15 0.66328125 0.8734375 0.0953125 0.1296875
19 0.49140625 0.8703125 0.096875 0.103125
12 0.3984375 0.89375 0.103125 0.103125
27 0.55859375 0.2125 0.0546875 0.05
6 0.6484375 0.2234375 0.075 0.0546875
11 0.703125 0.22890625 0.0890625 0.0375
10 0.6640625 0.41015625 0.0390625 0.065625
25 0.42265625 0.4421875 0.1359375 0.096875
7 0.684375 0.4546875 0.128125 0.0921875
26 0.5765625 0.46171875 0.13125 0.0625