19 0.4203125 0.575 0.0921875 0.08125
28 0.665625 0.60625 0.125 0.09375
26 0.52734375 0.61484375 0.153125 0.075
8 0.64453125 0.90390625 0.1265625 0.1046875
9 0.42734375 0.90625 0.1171875 0.078125
27 0.5609375 0.21171875 0.0546875 0.05
16 0.4328125 0.2125 0.1125 0.05625
6 0.646875 0.21953125 0.06875 0.05625
11 0.7046875 0.22421875 0.0953125 0.04375
25 0.434375 0.41640625 0.1078125 0.05625
10 0.665625 0.43125 0.040625 0.1171875
22 0.54453125 0.44453125 0.09375 0.0765625
21 0.43984375 0.45859375 0.184375 0.078125