15 0.4390625 0.58984375 0.096875 0.115625
11 0.6578125 0.590625 0.06875 0.0640625
25 0.5203125 0.853125 0.1234375 0.1203125
27 0.67734375 0.88125 0.0609375 0.0828125
23 0.41796875 0.8890625 0.0890625 0.0734375
10 0.40703125 0.1921875 0.0421875 0.096875
4 0.465625 0.21484375 0.078125 0.0484375
7 0.63125 0.21796875 0.1640625 0.0609375
24 0.5015625 0.428125 0.1015625 0.0828125
21 0.41796875 0.4421875 0.0921875 0.078125
16 0.57265625 0.4453125 0.103125 0.0796875
29 0.68984375 0.4578125 0.1359375 0.053125