1 0.4546875 0.58984375 0.115625 0.096875
28 0.6703125 0.6015625 0.134375 0.096875
22 0.5390625 0.60390625 0.1046875 0.0875
3 0.39921875 0.6265625 0.0625 0.0796875
15 0.684375 0.8515625 0.0828125 0.1125
19 0.5140625 0.8734375 0.0859375 0.0953125
16 0.603125 0.8734375 0.0875 0.0984375
12 0.42265625 0.89375 0.0859375 0.0703125
27 0.54375 0.21015625 0.0546875 0.046875
6 0.6328125 0.21328125 0.0765625 0.0484375
11 0.6953125 0.2203125 0.075 0.034375
25 0.4265625 0.4109375 0.1265625 0.04375
10 0.659375 0.4125 0.0390625 0.084375
7 0.68984375 0.4515625 0.1125 0.1015625
26 0.57734375 0.4546875 0.1265625 0.0609375
21 0.43203125 0.4609375 0.175 0.0796875