0 0.4265625 0.58984375 0.1203125 0.075
24 0.515625 0.61328125 0.125 0.071875
2 0.6515625 0.628125 0.0875 0.053125
27 0.4140625 0.85703125 0.09375 0.065625
19 0.54296875 0.86875 0.0890625 0.0875
29 0.653125 0.91484375 0.1421875 0.1140625
20 0.703125 0.18359375 0.0859375 0.1390625
22 0.4359375 0.20390625 0.1171875 0.0734375
4 0.57421875 0.2203125 0.1109375 0.0546875
18 0.4328125 0.40859375 0.1390625 0.1453125
15 0.66875 0.43984375 0.13125 0.1078125
10 0.51484375 0.43203125 0.05 0.1140625
21 0.57265625 0.45078125 0.0984375 0.0859375