9 0.3859375 0.58359375 0.0515625 0.15
1 0.4375 0.58828125 0.09375 0.071875
14 0.6859375 0.5921875 0.09375 0.09375
18 0.553125 0.59765625 0.19375 0.121875
13 0.61953125 0.81953125 0.0640625 0.1578125
13 0.67734375 0.8203125 0.0609375 0.1609375
7 0.4390625 0.86640625 0.153125 0.1140625
17 0.55 0.87578125 0.0671875 0.0609375
0 0.66796875 0.8875 0.13125 0.09375
15 0.68671875 0.1921875 0.0859375 0.0953125
26 0.5921875 0.21875 0.1203125 0.046875
23 0.396875 0.2234375 0.0828125 0.0421875
28 0.44140625 0.45078125 0.190625 0.08125
27 0.62109375 0.45390625 0.071875 0.0546875