17 0.528125 0.4734375 0.1015625 0.0375
15 0.4109375 0.584375 0.09375 0.0984375
28 0.66328125 0.61484375 0.134375 0.096875
23 0.525 0.625 0.0828125 0.05625
26 0.3984375 0.878125 0.121875 0.1265625
11 0.490625 0.884375 0.109375 0.084375
20 0.71796875 0.1859375 0.0875 0.1453125
19 0.6125 0.20703125 0.103125 0.0890625
1 0.44296875 0.2125 0.146875 0.06875
10 0.6421875 0.44296875 0.05 0.1140625
25 0.4328125 0.43515625 0.1203125 0.0921875
6 0.63984375 0.46015625 0.06875 0.0515625
3 0.6953125 0.46953125 0.0578125 0.071875