17 0.38984375 0.465625 0.08125 0.0390625
20 0.65703125 0.56875 0.071875 0.1328125
5 0.3875 0.5796875 0.0734375 0.1203125
14 0.4703125 0.58515625 0.0859375 0.0859375
22 0.5703125 0.6109375 0.1046875 0.0859375
25 0.61640625 0.83203125 0.1015625 0.103125
1 0.528125 0.87578125 0.125 0.1
12 0.41015625 0.884375 0.1234375 0.096875
26 0.66328125 0.90625 0.1296875 0.10625
13 0.5171875 0.159375 0.071875 0.1796875
20 0.42109375 0.178125 0.08125 0.1265625
15 0.62109375 0.19453125 0.1234375 0.103125
3 0.43046875 0.446875 0.0484375 0.0609375
21 0.50703125 0.4515625 0.1390625 0.075
16 0.65078125 0.45546875 0.115625 0.071875