26 0.57734375 0.46953125 0.075 0.0375
5 0.45859375 0.559375 0.0828125 0.1140625
25 0.55859375 0.56484375 0.115625 0.0734375
3 0.68125 0.584375 0.0515625 0.0625
28 0.603125 0.59765625 0.18125 0.103125
14 0.44453125 0.61015625 0.140625 0.090625
13 0.68515625 0.8234375 0.06875 0.1671875
16 0.4421875 0.85390625 0.10625 0.0875
13 0.7171875 0.84921875 0.0765625 0.1828125
20 0.6234375 0.86015625 0.090625 0.134375
8 0.53125 0.91328125 0.1359375 0.1234375
11 0.42109375 0.928125 0.096875 0.084375
1 0.69609375 0.9203125 0.1390625 0.1109375
18 0.37890625 0.16171875 0.11875 0.1859375
20 0.67421875 0.16875 0.0703125 0.11875
15 0.6 0.17578125 0.075 0.053125
10 0.70625 0.17734375 0.0484375 0.1171875
21 0.59765625 0.20546875 0.1734375 0.084375
22 0.47421875 0.21484375 0.0953125 0.053125
7 0.6796875 0.4109375 0.1125 0.1484375
19 0.54296875 0.4328125 0.0828125 0.071875
0 0.4328125 0.44921875 0.121875 0.0671875
26 0.6609375 0.45234375 0.09375 0.0703125
6 0.3859375 0.46328125 0.071875 0.0625
23 0.4734375 0.46484375 0.0921875 0.046875