17 0.63515625 0.47265625 0.078125 0.0359375
15 0.4078125 0.58125 0.1 0.10625
18 0.5203125 0.603125 0.2046875 0.1
6 0.65703125 0.615625 0.0703125 0.0609375
14 0.5390625 0.85234375 0.125 0.0796875
5 0.546875 0.87265625 0.1 0.153125
3 0.63203125 0.89921875 0.0515625 0.0734375
7 0.40390625 0.91875 0.1390625 0.1234375
20 0.41796875 0.175 0.0734375 0.1296875
19 0.678125 0.2140625 0.09375 0.0703125
1 0.559375 0.21484375 0.1296875 0.05625
22 0.53984375 0.44296875 0.109375 0.0765625
8 0.43359375 0.46328125 0.1296875 0.0609375