28 0.6703125 0.6046875 0.1375 0.09375
22 0.5390625 0.6078125 0.1015625 0.0859375
23 0.4125 0.621875 0.0890625 0.0484375
18 0.690625 0.85625 0.096875 0.21875
14 0.603125 0.875 0.090625 0.1125
9 0.4328125 0.8984375 0.1328125 0.0796875
19 0.415625 0.2 0.1109375 0.0890625
27 0.5546875 0.2109375 0.053125 0.046875
6 0.6421875 0.221875 0.065625 0.046875
11 0.6984375 0.225 0.0875 0.0421875
10 0.6640625 0.40625 0.040625 0.0671875
25 0.43125 0.4265625 0.121875 0.0703125
7 0.6859375 0.45 0.1171875 0.090625
21 0.4296875 0.4578125 0.1828125 0.071875
26 0.5796875 0.459375 0.1296875 0.0625