0 0.4265625 0.58828125 0.1234375 0.075
24 0.5171875 0.61328125 0.125 0.075
2 0.6515625 0.6265625 0.0859375 0.053125
27 0.41171875 0.86796875 0.09375 0.0609375
19 0.53828125 0.87578125 0.084375 0.084375
29 0.65390625 0.91328125 0.14375 0.1109375
20 0.70234375 0.18515625 0.08125 0.1375
22 0.51484375 0.21171875 0.1453125 0.0703125
4 0.41796875 0.209375 0.078125 0.05
18 0.43125 0.40859375 0.1328125 0.1515625
10 0.52421875 0.421875 0.0484375 0.103125
15 0.6734375 0.4390625 0.1234375 0.1078125
21 0.56015625 0.45 0.15 0.0828125