20 0.5234375 0.56953125 0.0734375 0.13125
25 0.415625 0.6 0.1125 0.0953125
1 0.6203125 0.61015625 0.1296875 0.0703125
15 0.6265625 0.86796875 0.0921875 0.128125
14 0.53125 0.87265625 0.09375 0.1125
0 0.703125 0.8703125 0.0859375 0.13125
11 0.41484375 0.8828125 0.0921875 0.08125
22 0.42265625 0.203125 0.1296875 0.078125
18 0.64453125 0.19921875 0.1640625 0.0859375
7 0.51875 0.2140625 0.1140625 0.059375
16 0.64453125 0.44609375 0.0796875 0.05625
27 0.58203125 0.4546875 0.096875 0.059375
8 0.42890625 0.4625 0.125 0.0546875