28 0.4546875 0.58828125 0.128125 0.0796875
22 0.6765625 0.596875 0.09375 0.0640625
24 0.584375 0.6125 0.1015625 0.065625
20 0.69921875 0.83046875 0.0640625 0.1375
5 0.415625 0.8359375 0.06875 0.125
7 0.5484375 0.86953125 0.140625 0.1
11 0.63203125 0.90546875 0.04375 0.0578125
11 0.71328125 0.92421875 0.0421875 0.0453125
16 0.6984375 0.2203125 0.103125 0.05625
17 0.6140625 0.228125 0.1 0.034375
13 0.6625 0.4 0.0703125 0.15
15 0.70390625 0.43984375 0.103125 0.0953125
25 0.60234375 0.4390625 0.10625 0.0890625
8 0.46640625 0.45390625 0.13125 0.05