15 0.50625 0.5875 0.1 0.0984375
14 0.41328125 0.6078125 0.0875 0.103125
1 0.603125 0.61171875 0.121875 0.0765625
11 0.66171875 0.8625 0.0359375 0.0375
11 0.72265625 0.8734375 0.0625 0.0796875
0 0.59375 0.8828125 0.0734375 0.103125
18 0.46875 0.89609375 0.1859375 0.1609375
0 0.68515625 0.9 0.059375 0.071875
26 0.58984375 0.21640625 0.1078125 0.05
23 0.3890625 0.22890625 0.084375 0.0453125
17 0.4984375 0.2296875 0.0875 0.0359375
22 0.43828125 0.4515625 0.1953125 0.090625
8 0.55546875 0.446875 0.0859375 0.0421875
27 0.61953125 0.45 0.06875 0.0546875