26 0.6625 0.465625 0.1734375 0.0546875
1 0.453125 0.5921875 0.10625 0.1046875
28 0.6671875 0.6015625 0.134375 0.0921875
22 0.5390625 0.60625 0.103125 0.0890625
15 0.6625 0.8609375 0.0953125 0.09375
16 0.490625 0.86875 0.0984375 0.0734375
3 0.559375 0.878125 0.0546875 0.0546875
25 0.409375 0.9 0.10625 0.1234375
8 0.584375 0.9359375 0.1640625 0.065625
18 0.4109375 0.1859375 0.171875 0.109375
6 0.625 0.215625 0.0703125 0.05
11 0.6953125 0.221875 0.084375 0.0359375
17 0.5453125 0.2265625 0.08125 0.034375
20 0.534375 0.4125 0.0828125 0.128125
10 0.4046875 0.4171875 0.040625 0.0890625
27 0.4265625 0.4546875 0.0796875 0.0578125