19 0.4203125 0.575 0.08125 0.084375
28 0.66875 0.6015625 0.128125 0.0953125
26 0.5296875 0.6125 0.1546875 0.0796875
1 0.6875 0.8765625 0.1125 0.13125
9 0.4328125 0.903125 0.1234375 0.0796875
3 0.590625 0.9171875 0.0578125 0.078125
27 0.55625 0.2125 0.05625 0.05
16 0.434375 0.2140625 0.128125 0.0578125
6 0.640625 0.2203125 0.0734375 0.0453125
11 0.7015625 0.221875 0.0828125 0.0375
25 0.43125 0.41875 0.1171875 0.0578125
10 0.665625 0.43125 0.04375 0.121875
22 0.5421875 0.446875 0.0859375 0.075
21 0.4375 0.459375 0.184375 0.0671875