15 0.540625 0.46796875 0.059375 0.0546875
5 0.4359375 0.5609375 0.1125 0.1328125
19 0.40078125 0.596875 0.1 0.1015625
28 0.66796875 0.61484375 0.134375 0.090625
26 0.5265625 0.6140625 0.146875 0.075
1 0.67109375 0.8828125 0.121875 0.128125
9 0.41640625 0.89921875 0.1296875 0.0890625
3 0.565625 0.92109375 0.0609375 0.0796875
10 0.61640625 0.18828125 0.053125 0.115625
25 0.4375 0.19296875 0.1421875 0.0828125
27 0.57734375 0.21796875 0.0734375 0.053125
23 0.684375 0.2359375 0.0921875 0.0328125
22 0.5375 0.446875 0.0984375 0.071875
21 0.64765625 0.465625 0.1625 0.08125
12 0.41953125 0.45703125 0.1296875 0.059375