20 0.659375 0.5640625 0.071875 0.1328125
5 0.3828125 0.58125 0.08125 0.1140625
1 0.584375 0.6078125 0.1296875 0.0828125
17 0.4609375 0.6265625 0.0890625 0.04375
13 0.5953125 0.8171875 0.059375 0.1578125
10 0.3859375 0.84375 0.034375 0.1
15 0.465625 0.8515625 0.125 0.0890625
11 0.65625 0.9078125 0.1015625 0.0875
16 0.4078125 0.9234375 0.115625 0.1203125
5 0.390625 0.1765625 0.10625 0.1421875
19 0.6234375 0.2078125 0.109375 0.0765625
20 0.6703125 0.421875 0.078125 0.128125
3 0.384375 0.4609375 0.053125 0.0625
7 0.515625 0.4640625 0.1625 0.05625