27 0.5234375 0.596875 0.0859375 0.0703125
24 0.66171875 0.61328125 0.1015625 0.0703125
26 0.4015625 0.6109375 0.0921875 0.059375
19 0.51640625 0.86875 0.0921875 0.084375
21 0.66875 0.8875 0.1140625 0.1296875
0 0.4125 0.87890625 0.1203125 0.0984375
13 0.6125 0.16953125 0.078125 0.1609375
25 0.7203125 0.209375 0.1359375 0.0984375
3 0.49296875 0.21796875 0.0515625 0.0515625
23 0.42734375 0.21640625 0.0859375 0.0453125
20 0.43125 0.40859375 0.0859375 0.140625
18 0.56328125 0.425 0.19375 0.1015625
8 0.6640625 0.46953125 0.1953125 0.0578125