12 0.65859375 0.47109375 0.1515625 0.0578125
20 0.65546875 0.57265625 0.0734375 0.1359375
5 0.3828125 0.58046875 0.084375 0.11875
15 0.4640625 0.596875 0.1015625 0.1015625
1 0.58046875 0.6125 0.13125 0.0859375
3 0.66171875 0.62265625 0.053125 0.0671875
25 0.61015625 0.83359375 0.103125 0.1
10 0.37890625 0.83828125 0.040625 0.1
23 0.51640625 0.88828125 0.0953125 0.08125
11 0.628125 0.909375 0.1390625 0.0859375
9 0.40859375 0.9328125 0.15625 0.0984375
17 0.58046875 0.965625 0.1109375 0.065625
13 0.51953125 0.16171875 0.0796875 0.1921875
20 0.4265625 0.1765625 0.084375 0.128125
16 0.63515625 0.2203125 0.1078125 0.065625
21 0.5078125 0.4484375 0.1484375 0.090625
6 0.403125 0.4546875 0.0640625 0.0546875