12 0.54609375 0.4703125 0.1453125 0.0546875
5 0.553125 0.5875 0.1109375 0.1140625
22 0.653125 0.58515625 0.096875 0.075
18 0.43359375 0.60859375 0.175 0.078125
27 0.64609375 0.8828125 0.08125 0.0734375
17 0.46484375 0.890625 0.084375 0.0609375
20 0.3796875 0.17890625 0.084375 0.1390625
20 0.546875 0.178125 0.0796875 0.1234375
26 0.57578125 0.20625 0.1984375 0.071875
0 0.45703125 0.2171875 0.1 0.0625
3 0.67265625 0.209375 0.0546875 0.0546875
14 0.62890625 0.43125 0.1359375 0.084375
28 0.4015625 0.4515625 0.128125 0.090625