26 0.58203125 0.478125 0.0671875 0.0421875
25 0.5859375 0.55625 0.1046875 0.046875
19 0.43515625 0.57109375 0.1046875 0.059375
3 0.675 0.59375 0.046875 0.05625
14 0.596875 0.6 0.1375 0.096875
6 0.70625 0.63203125 0.0796875 0.059375
17 0.4421875 0.628125 0.10625 0.046875
20 0.67109375 0.8328125 0.0703125 0.1
23 0.50703125 0.84296875 0.075 0.0734375
16 0.421875 0.85234375 0.096875 0.09375
8 0.65625 0.91484375 0.115625 0.08125
11 0.39453125 0.921875 0.1046875 0.084375
9 0.509375 0.95703125 0.13125 0.0828125
18 0.40234375 0.15546875 0.1234375 0.18125
20 0.6953125 0.1859375 0.06875 0.134375
15 0.6203125 0.18515625 0.0765625 0.05
10 0.728125 0.1953125 0.0453125 0.115625
21 0.61953125 0.21328125 0.1640625 0.084375
22 0.49921875 0.2125 0.1078125 0.059375
5 0.5109375 0.409375 0.090625 0.13125
7 0.690625 0.4234375 0.1171875 0.1453125
5 0.59921875 0.4265625 0.1015625 0.1
0 0.43203125 0.43984375 0.1078125 0.0484375
27 0.45 0.4515625 0.096875 0.053125
26 0.6609375 0.46796875 0.0875 0.06875