28 0.6484375 0.58984375 0.1390625 0.090625
27 0.4125 0.5984375 0.078125 0.0671875
16 0.5296875 0.60234375 0.10625 0.0859375
5 0.5546875 0.85078125 0.10625 0.0890625
0 0.646875 0.86328125 0.1140625 0.1046875
20 0.4296875 0.8609375 0.0765625 0.14375
1 0.52109375 0.91171875 0.1453125 0.084375
13 0.65703125 0.17109375 0.0625 0.15625
26 0.4296875 0.2171875 0.1421875 0.05
23 0.553125 0.22109375 0.090625 0.040625
19 0.40546875 0.4546875 0.096875 0.0875
22 0.54296875 0.45703125 0.140625 0.0734375
11 0.66328125 0.465625 0.121875 0.0515625