26 0.58046875 0.4765625 0.075 0.0375
25 0.58203125 0.559375 0.1015625 0.053125
19 0.43359375 0.56796875 0.0984375 0.0671875
3 0.675 0.59375 0.046875 0.0546875
14 0.590625 0.6 0.1375 0.0953125
17 0.4390625 0.62265625 0.1125 0.04375
6 0.70625 0.63203125 0.084375 0.0609375
13 0.6109375 0.82265625 0.06875 0.1578125
23 0.50703125 0.83203125 0.06875 0.05
20 0.67265625 0.8375 0.06875 0.1125
16 0.4203125 0.84765625 0.096875 0.0921875
1 0.53515625 0.8859375 0.1265625 0.0921875
28 0.66171875 0.9234375 0.14375 0.11875
11 0.39140625 0.92421875 0.1046875 0.084375
9 0.5203125 0.95234375 0.1296875 0.071875
18 0.40390625 0.15546875 0.121875 0.18125
15 0.6203125 0.18203125 0.078125 0.0515625
20 0.696875 0.18828125 0.0671875 0.128125
10 0.7296875 0.1953125 0.0515625 0.1171875
21 0.61640625 0.21015625 0.1890625 0.0828125
22 0.49609375 0.2125 0.1046875 0.05625
5 0.509375 0.4109375 0.096875 0.13125
7 0.684375 0.4234375 0.121875 0.159375
5 0.59296875 0.4234375 0.0984375 0.090625
0 0.43359375 0.43984375 0.11875 0.0546875
27 0.446875 0.45 0.0890625 0.0578125
26 0.6609375 0.46484375 0.084375 0.071875