20 0.6625 0.5640625 0.071875 0.13125
5 0.3859375 0.578125 0.084375 0.11875
17 0.5546875 0.6203125 0.0734375 0.0484375
13 0.590625 0.80625 0.0578125 0.14375
10 0.3828125 0.8421875 0.034375 0.1
12 0.5625 0.9015625 0.175 0.078125
16 0.40625 0.921875 0.1078125 0.1203125
5 0.3890625 0.171875 0.103125 0.1421875
25 0.49375 0.2015625 0.1265625 0.0765625
0 0.578125 0.2109375 0.1828125 0.0703125
22 0.6828125 0.2171875 0.0671875 0.0515625
19 0.4234375 0.446875 0.0875 0.08125
11 0.628125 0.4546875 0.13125 0.04375
26 0.525 0.4578125 0.1296875 0.0640625