26 0.66328125 0.47109375 0.175 0.0609375
1 0.45 0.590625 0.109375 0.1078125
28 0.66328125 0.60703125 0.1375 0.096875
22 0.53515625 0.6078125 0.10625 0.0921875
15 0.65 0.86640625 0.0984375 0.096875
16 0.478125 0.86796875 0.1015625 0.0765625
3 0.54609375 0.8796875 0.05625 0.05625
25 0.3953125 0.896875 0.1109375 0.1265625
8 0.56875 0.93828125 0.165625 0.071875
18 0.421875 0.1828125 0.175 0.115625
6 0.63515625 0.2203125 0.071875 0.053125
11 0.7046875 0.22890625 0.0859375 0.0390625
17 0.5546875 0.228125 0.0828125 0.0375
20 0.5375 0.4140625 0.0875 0.13125
10 0.4078125 0.4140625 0.04375 0.090625
27 0.428125 0.45234375 0.08125 0.0609375