1 0.446875 0.5875 0.1078125 0.090625
22 0.540625 0.603125 0.1 0.0953125
28 0.665625 0.603125 0.134375 0.0890625
3 0.3984375 0.6171875 0.053125 0.06875
18 0.69375 0.85 0.1015625 0.2328125
19 0.5125 0.8734375 0.0890625 0.1046875
12 0.409375 0.9 0.1015625 0.1046875
26 0.5484375 0.2109375 0.0546875 0.0453125
6 0.6390625 0.2140625 0.065625 0.0578125
11 0.7 0.221875 0.0859375 0.0359375
9 0.4171875 0.23125 0.146875 0.025
10 0.6625 0.4171875 0.0421875 0.090625
25 0.428125 0.4203125 0.115625 0.0671875
7 0.684375 0.45 0.1109375 0.0890625
21 0.428125 0.45625 0.171875 0.084375
26 0.578125 0.4578125 0.1296875 0.0625