2 0.428125 0.47578125 0.0796875 0.0375
16 0.49609375 0.58125 0.103125 0.0796875
21 0.678125 0.584375 0.121875 0.0984375
14 0.56328125 0.596875 0.10625 0.08125
27 0.45234375 0.60703125 0.0859375 0.0671875
19 0.53984375 0.8484375 0.1015625 0.096875
7 0.66328125 0.8625 0.1734375 0.1125
24 0.44921875 0.8765625 0.0921875 0.090625
5 0.67890625 0.18203125 0.0765625 0.1140625
17 0.603125 0.22265625 0.09375 0.03125
10 0.6578125 0.41171875 0.0421875 0.103125
3 0.546875 0.44296875 0.053125 0.06875
18 0.63046875 0.44609375 0.1890625 0.0765625