20 0.65703125 0.57109375 0.0796875 0.134375
5 0.3796875 0.57734375 0.0859375 0.1171875
1 0.58046875 0.609375 0.1359375 0.0875
17 0.45625 0.625 0.090625 0.046875
10 0.37421875 0.83828125 0.0375 0.0984375
15 0.4515625 0.8484375 0.128125 0.09375
3 0.615625 0.86328125 0.046875 0.0671875
23 0.5296875 0.9046875 0.096875 0.084375
11 0.6421875 0.91328125 0.10625 0.090625
9 0.40859375 0.9328125 0.1578125 0.0953125
5 0.40234375 0.17265625 0.1109375 0.1453125
16 0.64921875 0.221875 0.1125 0.0609375
13 0.3921875 0.40546875 0.071875 0.1734375
20 0.65390625 0.42734375 0.08125 0.1296875
7 0.5171875 0.46484375 0.1640625 0.0625