17 0.63359375 0.46796875 0.078125 0.0359375
15 0.4109375 0.584375 0.1 0.10625
18 0.5234375 0.60234375 0.2046875 0.1
6 0.6609375 0.609375 0.0703125 0.0609375
14 0.5515625 0.85078125 0.125 0.0796875
5 0.559375 0.87109375 0.1 0.153125
3 0.64609375 0.89453125 0.0515625 0.0734375
7 0.41796875 0.921875 0.1390625 0.1234375
20 0.40703125 0.178125 0.0734375 0.1296875
19 0.66875 0.2078125 0.09375 0.0703125
1 0.55 0.21328125 0.1296875 0.05625
22 0.53828125 0.44140625 0.109375 0.0765625
8 0.43203125 0.465625 0.1296875 0.0609375