23 0.57890625 0.46875 0.096875 0.046875
5 0.44140625 0.56484375 0.1015625 0.1375
28 0.66875 0.5984375 0.1359375 0.0921875
14 0.4078125 0.609375 0.0921875 0.1015625
26 0.53828125 0.61171875 0.1484375 0.078125
1 0.69375 0.871875 0.1125 0.1234375
9 0.45234375 0.90703125 0.125 0.0921875
3 0.59453125 0.9109375 0.0609375 0.075
19 0.39921875 0.20625 0.1046875 0.0875
27 0.553125 0.21171875 0.0671875 0.05
17 0.6796875 0.221875 0.078125 0.0296875
6 0.61015625 0.4375 0.0625 0.0359375
22 0.53828125 0.44140625 0.1046875 0.0765625
25 0.41953125 0.4453125 0.103125 0.09375
11 0.65546875 0.45234375 0.1296875 0.040625