20 0.6609375 0.57109375 0.0796875 0.1359375
5 0.37421875 0.5765625 0.0875 0.1265625
9 0.56875 0.62109375 0.16875 0.0703125
17 0.45234375 0.62890625 0.0921875 0.0640625
13 0.57890625 0.821875 0.065625 0.1640625
10 0.36640625 0.8375 0.0390625 0.1015625
15 0.44609375 0.84765625 0.1296875 0.09375
16 0.3890625 0.91484375 0.109375 0.1140625
0 0.55703125 0.92734375 0.1203125 0.096875
5 0.3984375 0.16484375 0.1296875 0.1515625
19 0.63515625 0.21328125 0.109375 0.06875
20 0.67109375 0.42890625 0.0828125 0.128125
21 0.4765625 0.4390625 0.159375 0.0796875