1 0.4484375 0.58671875 0.11875 0.1015625
28 0.66328125 0.61328125 0.1375 0.1015625
22 0.53203125 0.60625 0.1078125 0.090625
3 0.390625 0.61953125 0.065625 0.08125
15 0.659375 0.86328125 0.0875 0.115625
19 0.48828125 0.8734375 0.0890625 0.0984375
16 0.57734375 0.8796875 0.090625 0.1015625
12 0.3953125 0.8875 0.0875 0.0734375
27 0.56328125 0.2140625 0.0546875 0.0484375
6 0.65234375 0.2234375 0.078125 0.05
11 0.7140625 0.234375 0.0765625 0.0359375
25 0.4328125 0.40546875 0.128125 0.0484375
10 0.66484375 0.42421875 0.0421875 0.0859375
7 0.69296875 0.46484375 0.115625 0.10625
26 0.58046875 0.46015625 0.128125 0.065625
21 0.43515625 0.45625 0.1765625 0.0859375