1 0.45 0.58828125 0.096875 0.090625
28 0.65859375 0.61171875 0.14375 0.1
22 0.53671875 0.60703125 0.103125 0.0921875
3 0.390625 0.61171875 0.059375 0.0703125
15 0.6515625 0.86953125 0.1015625 0.10625
16 0.43671875 0.8640625 0.153125 0.06875
19 0.39375 0.91875 0.121875 0.115625
9 0.5515625 0.94921875 0.1875 0.0984375
27 0.54140625 0.2125 0.059375 0.05
6 0.65234375 0.2265625 0.0796875 0.0640625
11 0.7140625 0.23125 0.084375 0.0546875
17 0.4359375 0.22578125 0.090625 0.0265625
20 0.5390625 0.4109375 0.0734375 0.128125
10 0.6703125 0.42109375 0.0546875 0.0859375
7 0.453125 0.44296875 0.1796875 0.1078125
21 0.5703125 0.46796875 0.0734375 0.0609375
26 0.6765625 0.475 0.159375 0.0671875