15 0.5078125 0.5875 0.096875 0.1
25 0.6546875 0.584375 0.1203125 0.0984375
14 0.40859375 0.6109375 0.10625 0.0953125
11 0.66171875 0.8640625 0.0390625 0.0359375
11 0.71953125 0.871875 0.059375 0.08125
0 0.5890625 0.88515625 0.0703125 0.103125
18 0.47265625 0.89921875 0.190625 0.15625
0 0.68359375 0.896875 0.0640625 0.071875
28 0.6609375 0.19296875 0.15 0.084375
23 0.3875 0.23046875 0.0890625 0.0390625
17 0.49375 0.2296875 0.0875 0.0328125
19 0.41484375 0.434375 0.0796875 0.0625
27 0.50703125 0.45078125 0.0765625 0.059375
6 0.61953125 0.446875 0.0703125 0.059375
3 0.68984375 0.44453125 0.0546875 0.0625
26 0.3984375 0.46953125 0.1234375 0.071875