2 0.44375 0.4765625 0.159375 0.0296875
21 0.675 0.59375 0.1203125 0.09375
14 0.5625 0.596875 0.0921875 0.075
27 0.4484375 0.6046875 0.0875 0.0578125
7 0.6796875 0.8546875 0.0984375 0.146875
19 0.5296875 0.859375 0.103125 0.0921875
24 0.4375 0.8703125 0.084375 0.084375
5 0.6953125 0.190625 0.10625 0.103125
17 0.59375 0.2296875 0.1171875 0.0265625
10 0.6625 0.41875 0.040625 0.1
16 0.4703125 0.4375 0.121875 0.065625
3 0.553125 0.4484375 0.0515625 0.0734375
18 0.6328125 0.4515625 0.1984375 0.0640625