5 0.4359375 0.5671875 0.1015625 0.13125
28 0.67578125 0.5921875 0.1359375 0.1015625
14 0.415625 0.615625 0.1203125 0.103125
26 0.540625 0.61171875 0.146875 0.0765625
5 0.5984375 0.8484375 0.1 0.11875
1 0.71171875 0.865625 0.115625 0.128125
9 0.45390625 0.9078125 0.13125 0.0921875
19 0.3890625 0.20546875 0.10625 0.0890625
27 0.54453125 0.21015625 0.065625 0.053125
17 0.671875 0.2203125 0.09375 0.03125
10 0.67265625 0.4265625 0.05625 0.11875
6 0.609375 0.43203125 0.065625 0.0296875
22 0.5328125 0.44375 0.1 0.078125
16 0.43359375 0.459375 0.1125 0.071875
11 0.65078125 0.4484375 0.134375 0.059375