25 0.5828125 0.55546875 0.1046875 0.0578125
19 0.43671875 0.5796875 0.10625 0.0734375
20 0.69453125 0.57265625 0.0828125 0.1453125
14 0.5953125 0.59375 0.1375 0.096875
23 0.46328125 0.62890625 0.1 0.059375
13 0.68828125 0.8109375 0.065625 0.1625
13 0.63203125 0.8140625 0.0703125 0.1671875
17 0.5609375 0.85703125 0.08125 0.053125
28 0.703125 0.91484375 0.1421875 0.1328125
16 0.55 0.92265625 0.11875 0.1203125
1 0.434375 0.94765625 0.125 0.0984375
18 0.39765625 0.1859375 0.16875 0.125
15 0.6796875 0.18984375 0.090625 0.09375
26 0.46328125 0.215625 0.146875 0.0625
22 0.58515625 0.209375 0.1078125 0.0671875
5 0.58984375 0.421875 0.1109375 0.103125
0 0.4265625 0.43984375 0.103125 0.0609375
6 0.51328125 0.45234375 0.065625 0.05625
27 0.44453125 0.459375 0.0921875 0.0609375